period,LSOA,report_count,user_count,average
2016-3,,2,2,1.0
2016-3,95BB05S2,1,1,1.0
2016-3,95BB21S2,1,1,1.0
2016-3,95CC06S1,1,1,1.0
2016-3,95CC18W1,1,1,1.0
2016-3,95DD08W1,1,1,1.0
2016-3,95GG06S2,1,1,1.0
2016-3,95GG06S3,1,1,1.0
2016-3,95GG17S3,1,1,1.0
2016-3,95GG49S2,1,1,1.0
2016-3,95HH03W1,1,1,1.0
2016-3,95HH06S1,1,1,1.0
2016-3,95LL15S2,1,1,1.0
2016-3,95LL19S1,1,1,1.0
2016-3,95MM01S2,1,1,1.0
2016-3,95PP23W1,2,2,1.0
2016-3,95SS08S2,1,1,1.0
2016-3,95SS11S2,1,1,1.0
2016-3,95SS15S1,1,1,1.0
2016-3,95SS17S1,1,1,1.0
2016-3,95WW13S2,1,1,1.0
2016-3,95WW20S1,1,1,1.0
2016-3,95WW25W1,1,1,1.0
2016-3,95XX18W1,2,1,2.0
2016-3,95XX19W1,1,1,1.0
2016-3,95XX22W1,1,1,1.0
2016-3,E01000007,1,1,1.0
2016-3,E01000008,1,1,1.0
2016-3,E01000010,1,1,1.0
2016-3,E01000013,1,1,1.0
2016-3,E01000020,1,1,1.0
2016-3,E01000035,2,1,2.0
2016-3,E01000038,1,1,1.0
2016-3,E01000040,1,1,1.0
2016-3,E01000043,1,1,1.0
2016-3,E01000044,2,1,2.0
2016-3,E01000045,1,1,1.0
2016-3,E01000053,1,1,1.0
2016-3,E01000074,1,1,1.0
2016-3,E01000091,1,1,1.0
2016-3,E01000093,1,1,1.0
2016-3,E01000094,2,2,1.0
2016-3,E01000101,1,1,1.0
2016-3,E01000110,1,1,1.0
2016-3,E01000117,2,2,1.0
2016-3,E01000118,1,1,1.0
2016-3,E01000120,1,1,1.0
2016-3,E01000121,1,1,1.0
2016-3,E01000122,2,2,1.0
2016-3,E01000124,2,2,1.0
2016-3,E01000127,1,1,1.0
2016-3,E01000128,1,1,1.0
2016-3,E01000129,3,2,1.5
2016-3,E01000131,1,1,1.0
2016-3,E01000132,1,1,1.0
2016-3,E01000135,1,1,1.0
2016-3,E01000137,2,2,1.0
2016-3,E01000138,2,1,2.0
2016-3,E01000140,2,1,2.0
2016-3,E01000141,6,4,1.5
2016-3,E01000143,2,1,2.0
2016-3,E01000144,1,1,1.0
2016-3,E01000146,3,2,1.5
2016-3,E01000147,3,3,1.0
2016-3,E01000148,1,1,1.0
2016-3,E01000150,4,2,2.0
2016-3,E01000159,2,2,1.0
2016-3,E01000160,4,4,1.0
2016-3,E01000161,1,1,1.0
2016-3,E01000163,1,1,1.0
2016-3,E01000165,1,1,1.0
2016-3,E01000171,2,2,1.0
2016-3,E01000173,1,1,1.0
2016-3,E01000175,1,1,1.0
2016-3,E01000177,1,1,1.0
2016-3,E01000178,1,1,1.0
2016-3,E01000183,2,2,1.0
2016-3,E01000184,2,2,1.0
2016-3,E01000188,5,5,1.0
2016-3,E01000191,5,1,5.0
2016-3,E01000192,1,1,1.0
2016-3,E01000199,2,1,2.0
2016-3,E01000204,2,2,1.0
2016-3,E01000205,3,2,1.5
2016-3,E01000206,1,1,1.0
2016-3,E01000210,3,2,1.5
2016-3,E01000211,2,2,1.0
2016-3,E01000213,1,1,1.0
2016-3,E01000217,1,1,1.0
2016-3,E01000219,1,1,1.0
2016-3,E01000220,2,2,1.0
2016-3,E01000221,3,3,1.0
2016-3,E01000222,1,1,1.0
2016-3,E01000223,6,3,2.0
2016-3,E01000224,7,2,3.5
2016-3,E01000228,5,4,1.25
2016-3,E01000230,1,1,1.0
2016-3,E01000231,4,2,2.0
2016-3,E01000234,1,1,1.0
2016-3,E01000235,1,1,1.0
2016-3,E01000236,1,1,1.0
2016-3,E01000237,1,1,1.0
2016-3,E01000238,2,2,1.0
2016-3,E01000239,1,1,1.0
2016-3,E01000241,1,1,1.0
2016-3,E01000247,2,1,2.0
2016-3,E01000249,1,1,1.0
2016-3,E01000250,3,2,1.5
2016-3,E01000251,2,2,1.0
2016-3,E01000253,2,2,1.0
2016-3,E01000255,1,1,1.0
2016-3,E01000257,3,3,1.0
2016-3,E01000258,2,2,1.0
2016-3,E01000260,1,1,1.0
2016-3,E01000261,2,1,2.0
2016-3,E01000262,6,3,2.0
2016-3,E01000264,1,1,1.0
2016-3,E01000268,3,3,1.0
2016-3,E01000271,1,1,1.0
2016-3,E01000272,2,1,2.0
2016-3,E01000274,1,1,1.0
2016-3,E01000279,2,2,1.0
2016-3,E01000280,1,1,1.0
2016-3,E01000282,1,1,1.0
2016-3,E01000284,1,1,1.0
2016-3,E01000285,1,1,1.0
2016-3,E01000286,3,1,3.0
2016-3,E01000288,8,5,1.6
2016-3,E01000289,1,1,1.0
2016-3,E01000290,6,3,2.0
2016-3,E01000292,2,2,1.0
2016-3,E01000293,1,1,1.0
2016-3,E01000294,2,1,2.0
2016-3,E01000297,1,1,1.0
2016-3,E01000298,1,1,1.0
2016-3,E01000299,3,3,1.0
2016-3,E01000301,3,2,1.5
2016-3,E01000304,1,1,1.0
2016-3,E01000305,1,1,1.0
2016-3,E01000306,3,1,3.0
2016-3,E01000307,1,1,1.0
2016-3,E01000309,7,2,3.5
2016-3,E01000310,2,1,2.0
2016-3,E01000311,1,1,1.0
2016-3,E01000313,1,1,1.0
2016-3,E01000314,5,1,5.0
2016-3,E01000315,1,1,1.0
2016-3,E01000317,2,2,1.0
2016-3,E01000318,1,1,1.0
2016-3,E01000323,3,2,1.5
2016-3,E01000324,2,1,2.0
2016-3,E01000326,3,1,3.0
2016-3,E01000330,1,1,1.0
2016-3,E01000335,1,1,1.0
2016-3,E01000348,1,1,1.0
2016-3,E01000353,1,1,1.0
2016-3,E01000360,1,1,1.0
2016-3,E01000374,1,1,1.0
2016-3,E01000378,1,1,1.0
2016-3,E01000383,1,1,1.0
2016-3,E01000385,1,1,1.0
2016-3,E01000386,2,2,1.0
2016-3,E01000401,1,1,1.0
2016-3,E01000404,1,1,1.0
2016-3,E01000412,1,1,1.0
2016-3,E01000414,1,1,1.0
2016-3,E01000428,2,1,2.0
2016-3,E01000436,1,1,1.0
2016-3,E01000437,1,1,1.0
2016-3,E01000446,1,1,1.0
2016-3,E01000455,1,1,1.0
2016-3,E01000456,2,1,2.0
2016-3,E01000457,1,1,1.0
2016-3,E01000458,2,1,2.0
2016-3,E01000459,1,1,1.0
2016-3,E01000466,4,1,4.0
2016-3,E01000469,2,2,1.0
2016-3,E01000472,2,2,1.0
2016-3,E01000480,1,1,1.0
2016-3,E01000482,1,1,1.0
2016-3,E01000483,2,1,2.0
2016-3,E01000486,1,1,1.0
2016-3,E01000490,2,2,1.0
2016-3,E01000491,1,1,1.0
2016-3,E01000493,1,1,1.0
2016-3,E01000497,4,3,1.3333333333333333
2016-3,E01000499,3,2,1.5
2016-3,E01000506,1,1,1.0
2016-3,E01000508,1,1,1.0
2016-3,E01000513,3,1,3.0
2016-3,E01000518,1,1,1.0
2016-3,E01000520,2,1,2.0
2016-3,E01000530,6,2,3.0
2016-3,E01000532,1,1,1.0
2016-3,E01000536,1,1,1.0
2016-3,E01000540,1,1,1.0
2016-3,E01000541,1,1,1.0
2016-3,E01000545,5,2,2.5
2016-3,E01000546,1,1,1.0
2016-3,E01000547,1,1,1.0
2016-3,E01000548,2,2,1.0
2016-3,E01000551,1,1,1.0
2016-3,E01000554,1,1,1.0
2016-3,E01000555,2,2,1.0
2016-3,E01000568,1,1,1.0
2016-3,E01000572,1,1,1.0
2016-3,E01000582,1,1,1.0
2016-3,E01000586,1,1,1.0
2016-3,E01000594,2,2,1.0
2016-3,E01000608,1,1,1.0
2016-3,E01000617,1,1,1.0
2016-3,E01000628,1,1,1.0
2016-3,E01000643,1,1,1.0
2016-3,E01000645,3,3,1.0
2016-3,E01000646,2,2,1.0
2016-3,E01000649,2,2,1.0
2016-3,E01000651,2,2,1.0
2016-3,E01000652,1,1,1.0
2016-3,E01000654,1,1,1.0
2016-3,E01000655,2,1,2.0
2016-3,E01000656,3,2,1.5
2016-3,E01000657,2,2,1.0
2016-3,E01000658,1,1,1.0
2016-3,E01000661,15,4,3.75
2016-3,E01000662,3,1,3.0
2016-3,E01000663,3,1,3.0
2016-3,E01000664,3,3,1.0
2016-3,E01000665,3,1,3.0
2016-3,E01000666,6,5,1.2
2016-3,E01000667,6,2,3.0
2016-3,E01000668,10,2,5.0
2016-3,E01000669,2,1,2.0
2016-3,E01000670,4,3,1.3333333333333333
2016-3,E01000671,4,2,2.0
2016-3,E01000672,4,4,1.0
2016-3,E01000673,5,3,1.6666666666666667
2016-3,E01000674,1,1,1.0
2016-3,E01000675,3,3,1.0
2016-3,E01000676,4,1,4.0
2016-3,E01000677,2,2,1.0
2016-3,E01000678,7,3,2.3333333333333335
2016-3,E01000679,1,1,1.0
2016-3,E01000680,13,8,1.625
2016-3,E01000681,1,1,1.0
2016-3,E01000685,3,2,1.5
2016-3,E01000686,2,2,1.0
2016-3,E01000687,2,1,2.0
2016-3,E01000688,1,1,1.0
2016-3,E01000691,1,1,1.0
2016-3,E01000692,3,3,1.0
2016-3,E01000693,5,3,1.6666666666666667
2016-3,E01000694,1,1,1.0
2016-3,E01000695,5,3,1.6666666666666667
2016-3,E01000696,7,5,1.4
2016-3,E01000697,5,4,1.25
2016-3,E01000698,3,1,3.0
2016-3,E01000699,4,2,2.0
2016-3,E01000700,5,4,1.25
2016-3,E01000701,2,1,2.0
2016-3,E01000702,4,2,2.0
2016-3,E01000703,4,2,2.0
2016-3,E01000704,6,3,2.0
2016-3,E01000705,1,1,1.0
2016-3,E01000706,2,2,1.0
2016-3,E01000708,3,3,1.0
2016-3,E01000711,1,1,1.0
2016-3,E01000712,2,2,1.0
2016-3,E01000713,1,1,1.0
2016-3,E01000714,16,4,4.0
2016-3,E01000715,1,1,1.0
2016-3,E01000717,1,1,1.0
2016-3,E01000718,1,1,1.0
2016-3,E01000719,3,2,1.5
2016-3,E01000720,7,7,1.0
2016-3,E01000721,2,2,1.0
2016-3,E01000722,6,5,1.2
2016-3,E01000724,3,3,1.0
2016-3,E01000725,2,2,1.0
2016-3,E01000727,1,1,1.0
2016-3,E01000728,4,4,1.0
2016-3,E01000730,7,3,2.3333333333333335
2016-3,E01000733,1,1,1.0
2016-3,E01000734,2,2,1.0
2016-3,E01000737,1,1,1.0
2016-3,E01000739,2,2,1.0
2016-3,E01000740,9,6,1.5
2016-3,E01000741,4,2,2.0
2016-3,E01000742,18,6,3.0
2016-3,E01000743,18,5,3.6
2016-3,E01000744,7,6,1.1666666666666667
2016-3,E01000745,3,3,1.0
2016-3,E01000746,4,2,2.0
2016-3,E01000747,4,4,1.0
2016-3,E01000748,7,4,1.75
2016-3,E01000749,6,5,1.2
2016-3,E01000750,2,2,1.0
2016-3,E01000751,2,2,1.0
2016-3,E01000752,4,4,1.0
2016-3,E01000753,3,3,1.0
2016-3,E01000754,1,1,1.0
2016-3,E01000755,1,1,1.0
2016-3,E01000756,4,3,1.3333333333333333
2016-3,E01000757,3,3,1.0
2016-3,E01000759,3,2,1.5
2016-3,E01000760,3,2,1.5
2016-3,E01000761,5,1,5.0
2016-3,E01000765,6,5,1.2
2016-3,E01000769,1,1,1.0
2016-3,E01000770,2,2,1.0
2016-3,E01000771,6,3,2.0
2016-3,E01000774,1,1,1.0
2016-3,E01000775,1,1,1.0
2016-3,E01000778,1,1,1.0
2016-3,E01000779,1,1,1.0
2016-3,E01000781,1,1,1.0
2016-3,E01000782,1,1,1.0
2016-3,E01000784,1,1,1.0
2016-3,E01000786,3,3,1.0
2016-3,E01000787,2,1,2.0
2016-3,E01000790,1,1,1.0
2016-3,E01000791,4,2,2.0
2016-3,E01000795,2,1,2.0
2016-3,E01000796,1,1,1.0
2016-3,E01000797,5,3,1.6666666666666667
2016-3,E01000799,8,6,1.3333333333333333
2016-3,E01000800,2,2,1.0
2016-3,E01000801,5,3,1.6666666666666667
2016-3,E01000802,13,6,2.1666666666666665
2016-3,E01000803,5,3,1.6666666666666667
2016-3,E01000804,4,3,1.3333333333333333
2016-3,E01000805,2,1,2.0
2016-3,E01000806,16,13,1.2307692307692308
2016-3,E01000807,5,3,1.6666666666666667
2016-3,E01000808,1,1,1.0
2016-3,E01000809,5,1,5.0
2016-3,E01000811,2,1,2.0
2016-3,E01000813,1,1,1.0
2016-3,E01000814,3,3,1.0
2016-3,E01000815,1,1,1.0
2016-3,E01000818,1,1,1.0
2016-3,E01000820,2,2,1.0
2016-3,E01000823,4,3,1.3333333333333333
2016-3,E01000824,3,1,3.0
2016-3,E01000826,2,2,1.0
2016-3,E01000827,2,2,1.0
2016-3,E01000828,3,1,3.0
2016-3,E01000829,2,2,1.0
2016-3,E01000830,2,1,2.0
2016-3,E01000831,2,2,1.0
2016-3,E01000834,1,1,1.0
2016-3,E01000839,1,1,1.0
2016-3,E01000840,2,2,1.0
2016-3,E01000841,1,1,1.0
2016-3,E01000846,1,1,1.0
2016-3,E01000850,3,3,1.0
2016-3,E01000853,1,1,1.0
2016-3,E01000854,3,3,1.0
2016-3,E01000855,1,1,1.0
2016-3,E01000856,2,2,1.0
2016-3,E01000861,1,1,1.0
2016-3,E01000864,1,1,1.0
2016-3,E01000867,1,1,1.0
2016-3,E01000872,2,2,1.0
2016-3,E01000873,1,1,1.0
2016-3,E01000875,5,1,5.0
2016-3,E01000876,3,2,1.5
2016-3,E01000899,1,1,1.0
2016-3,E01000908,1,1,1.0
2016-3,E01000911,1,1,1.0
2016-3,E01000912,1,1,1.0
2016-3,E01000914,8,3,2.6666666666666665
2016-3,E01000915,1,1,1.0
2016-3,E01000916,1,1,1.0
2016-3,E01000918,2,2,1.0
2016-3,E01000919,3,2,1.5
2016-3,E01000930,1,1,1.0
2016-3,E01000941,1,1,1.0
2016-3,E01000945,1,1,1.0
2016-3,E01000946,1,1,1.0
2016-3,E01000947,1,1,1.0
2016-3,E01000948,1,1,1.0
2016-3,E01000957,1,1,1.0
2016-3,E01000958,2,1,2.0
2016-3,E01000959,1,1,1.0
2016-3,E01000961,1,1,1.0
2016-3,E01000963,2,2,1.0
2016-3,E01000973,3,2,1.5
2016-3,E01000974,1,1,1.0
2016-3,E01000976,1,1,1.0
2016-3,E01000981,1,1,1.0
2016-3,E01000987,1,1,1.0
2016-3,E01001000,5,1,5.0
2016-3,E01001010,4,2,2.0
2016-3,E01001011,1,1,1.0
2016-3,E01001013,1,1,1.0
2016-3,E01001014,3,2,1.5
2016-3,E01001015,1,1,1.0
2016-3,E01001020,1,1,1.0
2016-3,E01001040,1,1,1.0
2016-3,E01001041,1,1,1.0
2016-3,E01001042,4,2,2.0
2016-3,E01001043,3,3,1.0
2016-3,E01001045,1,1,1.0
2016-3,E01001048,1,1,1.0
2016-3,E01001050,1,1,1.0
2016-3,E01001063,1,1,1.0
2016-3,E01001067,2,1,2.0
2016-3,E01001070,1,1,1.0
2016-3,E01001074,1,1,1.0
2016-3,E01001084,2,1,2.0
2016-3,E01001086,1,1,1.0
2016-3,E01001090,1,1,1.0
2016-3,E01001112,1,1,1.0
2016-3,E01001118,1,1,1.0
2016-3,E01001133,1,1,1.0
2016-3,E01001135,2,2,1.0
2016-3,E01001136,2,2,1.0
2016-3,E01001137,3,3,1.0
2016-3,E01001138,2,2,1.0
2016-3,E01001144,1,1,1.0
2016-3,E01001145,2,2,1.0
2016-3,E01001147,1,1,1.0
2016-3,E01001157,2,2,1.0
2016-3,E01001158,8,1,8.0
2016-3,E01001159,1,1,1.0
2016-3,E01001163,2,1,2.0
2016-3,E01001164,1,1,1.0
2016-3,E01001165,4,2,2.0
2016-3,E01001166,6,1,6.0
2016-3,E01001170,1,1,1.0
2016-3,E01001173,2,1,2.0
2016-3,E01001182,1,1,1.0
2016-3,E01001191,5,1,5.0
2016-3,E01001196,2,2,1.0
2016-3,E01001198,1,1,1.0
2016-3,E01001201,1,1,1.0
2016-3,E01001202,1,1,1.0
2016-3,E01001203,5,1,5.0
2016-3,E01001205,1,1,1.0
2016-3,E01001207,2,1,2.0
2016-3,E01001211,1,1,1.0
2016-3,E01001221,1,1,1.0
2016-3,E01001222,1,1,1.0
2016-3,E01001223,1,1,1.0
2016-3,E01001234,1,1,1.0
2016-3,E01001236,1,1,1.0
2016-3,E01001238,2,1,2.0
2016-3,E01001239,1,1,1.0
2016-3,E01001242,3,2,1.5
2016-3,E01001243,1,1,1.0
2016-3,E01001247,6,3,2.0
2016-3,E01001249,2,1,2.0
2016-3,E01001252,1,1,1.0
2016-3,E01001260,3,2,1.5
2016-3,E01001261,1,1,1.0
2016-3,E01001272,1,1,1.0
2016-3,E01001274,1,1,1.0
2016-3,E01001277,1,1,1.0
2016-3,E01001283,1,1,1.0
2016-3,E01001306,2,2,1.0
2016-3,E01001314,1,1,1.0
2016-3,E01001321,1,1,1.0
2016-3,E01001324,1,1,1.0
2016-3,E01001329,1,1,1.0
2016-3,E01001334,2,1,2.0
2016-3,E01001347,1,1,1.0
2016-3,E01001348,1,1,1.0
2016-3,E01001349,1,1,1.0
2016-3,E01001350,1,1,1.0
2016-3,E01001351,4,2,2.0
2016-3,E01001353,1,1,1.0
2016-3,E01001363,1,1,1.0
2016-3,E01001364,1,1,1.0
2016-3,E01001369,1,1,1.0
2016-3,E01001372,3,1,3.0
2016-3,E01001373,1,1,1.0
2016-3,E01001376,1,1,1.0
2016-3,E01001386,2,2,1.0
2016-3,E01001396,1,1,1.0
2016-3,E01001400,1,1,1.0
2016-3,E01001412,1,1,1.0
2016-3,E01001427,3,1,3.0
2016-3,E01001436,1,1,1.0
2016-3,E01001445,1,1,1.0
2016-3,E01001451,1,1,1.0
2016-3,E01001470,1,1,1.0
2016-3,E01001474,1,1,1.0
2016-3,E01001484,1,1,1.0
2016-3,E01001496,1,1,1.0
2016-3,E01001500,1,1,1.0
2016-3,E01001501,3,2,1.5
2016-3,E01001503,5,1,5.0
2016-3,E01001508,1,1,1.0
2016-3,E01001514,1,1,1.0
2016-3,E01001525,2,2,1.0
2016-3,E01001529,1,1,1.0
2016-3,E01001533,1,1,1.0
2016-3,E01001563,1,1,1.0
2016-3,E01001570,1,1,1.0
2016-3,E01001574,1,1,1.0
2016-3,E01001575,2,1,2.0
2016-3,E01001577,7,2,3.5
2016-3,E01001578,9,5,1.8
2016-3,E01001579,2,2,1.0
2016-3,E01001581,1,1,1.0
2016-3,E01001585,1,1,1.0
2016-3,E01001588,4,3,1.3333333333333333
2016-3,E01001590,2,1,2.0
2016-3,E01001592,4,4,1.0
2016-3,E01001593,2,2,1.0
2016-3,E01001594,1,1,1.0
2016-3,E01001596,9,3,3.0
2016-3,E01001597,2,1,2.0
2016-3,E01001609,1,1,1.0
2016-3,E01001615,1,1,1.0
2016-3,E01001617,2,2,1.0
2016-3,E01001621,2,1,2.0
2016-3,E01001623,2,1,2.0
2016-3,E01001624,1,1,1.0
2016-3,E01001625,2,1,2.0
2016-3,E01001632,1,1,1.0
2016-3,E01001634,1,1,1.0
2016-3,E01001638,1,1,1.0
2016-3,E01001640,2,1,2.0
2016-3,E01001652,2,1,2.0
2016-3,E01001655,2,2,1.0
2016-3,E01001662,3,2,1.5
2016-3,E01001664,1,1,1.0
2016-3,E01001665,7,3,2.3333333333333335
2016-3,E01001667,6,3,2.0
2016-3,E01001668,13,3,4.333333333333333
2016-3,E01001669,1,1,1.0
2016-3,E01001675,2,2,1.0
2016-3,E01001679,4,2,2.0
2016-3,E01001682,1,1,1.0
2016-3,E01001686,7,3,2.3333333333333335
2016-3,E01001687,1,1,1.0
2016-3,E01001697,3,2,1.5
2016-3,E01001699,1,1,1.0
2016-3,E01001701,4,3,1.3333333333333333
2016-3,E01001702,1,1,1.0
2016-3,E01001703,1,1,1.0
2016-3,E01001706,1,1,1.0
2016-3,E01001708,1,1,1.0
2016-3,E01001709,2,2,1.0
2016-3,E01001712,1,1,1.0
2016-3,E01001752,1,1,1.0
2016-3,E01001760,1,1,1.0
2016-3,E01001782,1,1,1.0
2016-3,E01001784,1,1,1.0
2016-3,E01001793,1,1,1.0
2016-3,E01001846,3,1,3.0
2016-3,E01001849,1,1,1.0
2016-3,E01001860,1,1,1.0
2016-3,E01001877,1,1,1.0
2016-3,E01001897,1,1,1.0
2016-3,E01001898,1,1,1.0
2016-3,E01001900,1,1,1.0
2016-3,E01001914,1,1,1.0
2016-3,E01001922,1,1,1.0
2016-3,E01001938,1,1,1.0
2016-3,E01001942,1,1,1.0
2016-3,E01001943,1,1,1.0
2016-3,E01001967,1,1,1.0
2016-3,E01001969,2,1,2.0
2016-3,E01001970,2,1,2.0
2016-3,E01001973,1,1,1.0
2016-3,E01001978,1,1,1.0
2016-3,E01001979,1,1,1.0
2016-3,E01001981,2,1,2.0
2016-3,E01001982,1,1,1.0
2016-3,E01002003,1,1,1.0
2016-3,E01002004,2,2,1.0
2016-3,E01002010,1,1,1.0
2016-3,E01002014,2,1,2.0
2016-3,E01002015,1,1,1.0
2016-3,E01002022,1,1,1.0
2016-3,E01002026,2,2,1.0
2016-3,E01002028,1,1,1.0
2016-3,E01002029,1,1,1.0
2016-3,E01002030,2,1,2.0
2016-3,E01002031,21,5,4.2
2016-3,E01002037,1,1,1.0
2016-3,E01002041,1,1,1.0
2016-3,E01002042,1,1,1.0
2016-3,E01002051,1,1,1.0
2016-3,E01002055,3,1,3.0
2016-3,E01002056,1,1,1.0
2016-3,E01002057,1,1,1.0
2016-3,E01002058,1,1,1.0
2016-3,E01002067,1,1,1.0
2016-3,E01002068,2,1,2.0
2016-3,E01002072,2,1,2.0
2016-3,E01002075,1,1,1.0
2016-3,E01002079,1,1,1.0
2016-3,E01002085,2,1,2.0
2016-3,E01002095,1,1,1.0
2016-3,E01002105,2,2,1.0
2016-3,E01002107,2,2,1.0
2016-3,E01002112,2,2,1.0
2016-3,E01002114,2,2,1.0
2016-3,E01002116,2,2,1.0
2016-3,E01002118,1,1,1.0
2016-3,E01002119,1,1,1.0
2016-3,E01002127,1,1,1.0
2016-3,E01002129,1,1,1.0
2016-3,E01002133,2,2,1.0
2016-3,E01002136,1,1,1.0
2016-3,E01002137,1,1,1.0
2016-3,E01002144,1,1,1.0
2016-3,E01002145,1,1,1.0
2016-3,E01002147,1,1,1.0
2016-3,E01002158,1,1,1.0
2016-3,E01002166,1,1,1.0
2016-3,E01002169,2,1,2.0
2016-3,E01002180,1,1,1.0
2016-3,E01002188,1,1,1.0
2016-3,E01002189,2,2,1.0
2016-3,E01002192,2,1,2.0
2016-3,E01002200,1,1,1.0
2016-3,E01002204,1,1,1.0
2016-3,E01002206,2,2,1.0
2016-3,E01002212,1,1,1.0
2016-3,E01002213,1,1,1.0
2016-3,E01002218,6,1,6.0
2016-3,E01002221,1,1,1.0
2016-3,E01002226,1,1,1.0
2016-3,E01002228,1,1,1.0
2016-3,E01002232,2,1,2.0
2016-3,E01002234,2,1,2.0
2016-3,E01002243,1,1,1.0
2016-3,E01002249,1,1,1.0
2016-3,E01002263,1,1,1.0
2016-3,E01002269,1,1,1.0
2016-3,E01002274,1,1,1.0
2016-3,E01002276,3,2,1.5
2016-3,E01002285,1,1,1.0
2016-3,E01002304,1,1,1.0
2016-3,E01002306,2,1,2.0
2016-3,E01002311,2,1,2.0
2016-3,E01002312,1,1,1.0
2016-3,E01002314,1,1,1.0
2016-3,E01002330,1,1,1.0
2016-3,E01002334,1,1,1.0
2016-3,E01002336,1,1,1.0
2016-3,E01002338,1,1,1.0
2016-3,E01002344,2,2,1.0
2016-3,E01002350,1,1,1.0
2016-3,E01002356,1,1,1.0
2016-3,E01002360,1,1,1.0
2016-3,E01002385,1,1,1.0
2016-3,E01002395,1,1,1.0
2016-3,E01002400,1,1,1.0
2016-3,E01002405,2,1,2.0
2016-3,E01002409,4,1,4.0
2016-3,E01002414,1,1,1.0
2016-3,E01002419,1,1,1.0
2016-3,E01002422,1,1,1.0
2016-3,E01002427,5,1,5.0
2016-3,E01002428,1,1,1.0
2016-3,E01002434,1,1,1.0
2016-3,E01002438,1,1,1.0
2016-3,E01002441,1,1,1.0
2016-3,E01002444,6,5,1.2
2016-3,E01002445,1,1,1.0
2016-3,E01002446,5,1,5.0
2016-3,E01002447,1,1,1.0
2016-3,E01002452,1,1,1.0
2016-3,E01002458,2,2,1.0
2016-3,E01002468,3,2,1.5
2016-3,E01002473,1,1,1.0
2016-3,E01002478,1,1,1.0
2016-3,E01002483,1,1,1.0
2016-3,E01002490,1,1,1.0
2016-3,E01002497,1,1,1.0
2016-3,E01002499,5,3,1.6666666666666667
2016-3,E01002505,1,1,1.0
2016-3,E01002506,1,1,1.0
2016-3,E01002513,1,1,1.0
2016-3,E01002515,1,1,1.0
2016-3,E01002520,1,1,1.0
2016-3,E01002521,1,1,1.0
2016-3,E01002537,1,1,1.0
2016-3,E01002543,2,1,2.0
2016-3,E01002549,4,1,4.0
2016-3,E01002555,2,2,1.0
2016-3,E01002562,1,1,1.0
2016-3,E01002565,1,1,1.0
2016-3,E01002572,5,2,2.5
2016-3,E01002576,1,1,1.0
2016-3,E01002580,1,1,1.0
2016-3,E01002585,1,1,1.0
2016-3,E01002587,1,1,1.0
2016-3,E01002591,1,1,1.0
2016-3,E01002603,1,1,1.0
2016-3,E01002605,1,1,1.0
2016-3,E01002608,3,3,1.0
2016-3,E01002609,1,1,1.0
2016-3,E01002612,2,2,1.0
2016-3,E01002615,1,1,1.0
2016-3,E01002616,1,1,1.0
2016-3,E01002624,1,1,1.0
2016-3,E01002639,1,1,1.0
2016-3,E01002642,1,1,1.0
2016-3,E01002649,7,1,7.0
2016-3,E01002650,2,2,1.0
2016-3,E01002657,1,1,1.0
2016-3,E01002658,1,1,1.0
2016-3,E01002659,2,2,1.0
2016-3,E01002678,1,1,1.0
2016-3,E01002679,1,1,1.0
2016-3,E01002682,1,1,1.0
2016-3,E01002686,1,1,1.0
2016-3,E01002689,1,1,1.0
2016-3,E01002692,1,1,1.0
2016-3,E01002693,5,1,5.0
2016-3,E01002695,1,1,1.0
2016-3,E01002704,3,2,1.5
2016-3,E01002710,1,1,1.0
2016-3,E01002718,1,1,1.0
2016-3,E01002723,1,1,1.0
2016-3,E01002733,1,1,1.0
2016-3,E01002734,1,1,1.0
2016-3,E01002740,3,1,3.0
2016-3,E01002743,1,1,1.0
2016-3,E01002775,1,1,1.0
2016-3,E01002798,4,1,4.0
2016-3,E01002805,1,1,1.0
2016-3,E01002815,1,1,1.0
2016-3,E01002835,1,1,1.0
2016-3,E01002852,1,1,1.0
2016-3,E01002854,1,1,1.0
2016-3,E01002857,1,1,1.0
2016-3,E01002912,1,1,1.0
2016-3,E01002934,1,1,1.0
2016-3,E01002940,1,1,1.0
2016-3,E01002954,2,2,1.0
2016-3,E01002955,1,1,1.0
2016-3,E01002968,3,2,1.5
2016-3,E01002974,2,2,1.0
2016-3,E01002979,1,1,1.0
2016-3,E01002980,1,1,1.0
2016-3,E01002982,1,1,1.0
2016-3,E01002983,1,1,1.0
2016-3,E01002985,1,1,1.0
2016-3,E01002999,1,1,1.0
2016-3,E01003013,1,1,1.0
2016-3,E01003014,1,1,1.0
2016-3,E01003020,1,1,1.0
2016-3,E01003025,6,3,2.0
2016-3,E01003028,1,1,1.0
2016-3,E01003032,1,1,1.0
2016-3,E01003037,1,1,1.0
2016-3,E01003038,2,2,1.0
2016-3,E01003040,2,1,2.0
2016-3,E01003041,1,1,1.0
2016-3,E01003045,3,1,3.0
2016-3,E01003050,1,1,1.0
2016-3,E01003052,1,1,1.0
2016-3,E01003055,2,1,2.0
2016-3,E01003057,1,1,1.0
2016-3,E01003062,1,1,1.0
2016-3,E01003069,3,1,3.0
2016-3,E01003070,1,1,1.0
2016-3,E01003072,1,1,1.0
2016-3,E01003074,2,2,1.0
2016-3,E01003076,1,1,1.0
2016-3,E01003077,1,1,1.0
2016-3,E01003080,1,1,1.0
2016-3,E01003084,1,1,1.0
2016-3,E01003089,1,1,1.0
2016-3,E01003091,4,1,4.0
2016-3,E01003093,2,1,2.0
2016-3,E01003096,1,1,1.0
2016-3,E01003097,1,1,1.0
2016-3,E01003100,1,1,1.0
2016-3,E01003101,1,1,1.0
2016-3,E01003109,3,1,3.0
2016-3,E01003114,5,2,2.5
2016-3,E01003117,2,2,1.0
2016-3,E01003119,1,1,1.0
2016-3,E01003120,1,1,1.0
2016-3,E01003122,1,1,1.0
2016-3,E01003123,1,1,1.0
2016-3,E01003127,1,1,1.0
2016-3,E01003128,1,1,1.0
2016-3,E01003129,1,1,1.0
2016-3,E01003139,5,2,2.5
2016-3,E01003140,5,1,5.0
2016-3,E01003141,1,1,1.0
2016-3,E01003142,1,1,1.0
2016-3,E01003144,1,1,1.0
2016-3,E01003145,3,2,1.5
2016-3,E01003146,2,1,2.0
2016-3,E01003147,2,1,2.0
2016-3,E01003149,2,1,2.0
2016-3,E01003155,1,1,1.0
2016-3,E01003162,1,1,1.0
2016-3,E01003163,1,1,1.0
2016-3,E01003164,2,1,2.0
2016-3,E01003170,1,1,1.0
2016-3,E01003175,1,1,1.0
2016-3,E01003177,1,1,1.0
2016-3,E01003180,1,1,1.0
2016-3,E01003181,1,1,1.0
2016-3,E01003183,1,1,1.0
2016-3,E01003185,2,2,1.0
2016-3,E01003187,1,1,1.0
2016-3,E01003189,14,3,4.666666666666667
2016-3,E01003190,13,4,3.25
2016-3,E01003191,9,3,3.0
2016-3,E01003192,8,6,1.3333333333333333
2016-3,E01003193,13,5,2.6
2016-3,E01003194,8,4,2.0
2016-3,E01003195,3,1,3.0
2016-3,E01003196,4,2,2.0
2016-3,E01003197,5,4,1.25
2016-3,E01003199,3,2,1.5
2016-3,E01003200,1,1,1.0
2016-3,E01003201,6,3,2.0
2016-3,E01003202,1,1,1.0
2016-3,E01003203,6,5,1.2
2016-3,E01003204,1,1,1.0
2016-3,E01003205,2,2,1.0
2016-3,E01003207,4,3,1.3333333333333333
2016-3,E01003209,12,2,6.0
2016-3,E01003210,4,3,1.3333333333333333
2016-3,E01003211,2,1,2.0
2016-3,E01003212,4,4,1.0
2016-3,E01003213,1,1,1.0
2016-3,E01003215,2,2,1.0
2016-3,E01003216,13,7,1.8571428571428572
2016-3,E01003217,4,3,1.3333333333333333
2016-3,E01003218,2,2,1.0
2016-3,E01003219,3,2,1.5
2016-3,E01003220,2,2,1.0
2016-3,E01003221,4,4,1.0
2016-3,E01003222,2,2,1.0
2016-3,E01003223,7,3,2.3333333333333335
2016-3,E01003224,2,2,1.0
2016-3,E01003225,1,1,1.0
2016-3,E01003226,9,4,2.25
2016-3,E01003227,4,3,1.3333333333333333
2016-3,E01003228,1,1,1.0
2016-3,E01003229,23,5,4.6
2016-3,E01003230,5,2,2.5
2016-3,E01003231,6,2,3.0
2016-3,E01003232,7,2,3.5
2016-3,E01003233,7,2,3.5
2016-3,E01003235,4,4,1.0
2016-3,E01003236,11,3,3.6666666666666665
2016-3,E01003237,10,4,2.5
2016-3,E01003238,6,3,2.0
2016-3,E01003240,16,2,8.0
2016-3,E01003241,7,4,1.75
2016-3,E01003243,19,6,3.1666666666666665
2016-3,E01003244,1,1,1.0
2016-3,E01003245,7,3,2.3333333333333335
2016-3,E01003246,13,2,6.5
2016-3,E01003247,2,1,2.0
2016-3,E01003248,4,1,4.0
2016-3,E01003250,4,1,4.0
2016-3,E01003251,2,1,2.0
2016-3,E01003252,1,1,1.0
2016-3,E01003253,2,2,1.0
2016-3,E01003254,1,1,1.0
2016-3,E01003255,1,1,1.0
2016-3,E01003256,4,1,4.0
2016-3,E01003257,11,3,3.6666666666666665
2016-3,E01003258,1,1,1.0
2016-3,E01003259,3,3,1.0
2016-3,E01003260,8,3,2.6666666666666665
2016-3,E01003261,11,3,3.6666666666666665
2016-3,E01003262,9,4,2.25
2016-3,E01003263,8,4,2.0
2016-3,E01003264,2,2,1.0
2016-3,E01003265,7,3,2.3333333333333335
2016-3,E01003266,3,1,3.0
2016-3,E01003267,16,5,3.2
2016-3,E01003268,3,3,1.0
2016-3,E01003270,4,3,1.3333333333333333
2016-3,E01003271,1,1,1.0
2016-3,E01003272,3,2,1.5
2016-3,E01003274,4,3,1.3333333333333333
2016-3,E01003275,2,2,1.0
2016-3,E01003276,1,1,1.0
2016-3,E01003277,2,1,2.0
2016-3,E01003278,5,2,2.5
2016-3,E01003279,2,1,2.0
2016-3,E01003280,1,1,1.0
2016-3,E01003281,3,3,1.0
2016-3,E01003282,4,4,1.0
2016-3,E01003283,2,2,1.0
2016-3,E01003284,5,4,1.25
2016-3,E01003285,1,1,1.0
2016-3,E01003286,4,3,1.3333333333333333
2016-3,E01003287,3,2,1.5
2016-3,E01003288,9,4,2.25
2016-3,E01003290,8,5,1.6
2016-3,E01003291,12,5,2.4
2016-3,E01003292,6,6,1.0
2016-3,E01003293,5,4,1.25
2016-3,E01003295,5,3,1.6666666666666667
2016-3,E01003296,7,6,1.1666666666666667
2016-3,E01003299,1,1,1.0
2016-3,E01003300,1,1,1.0
2016-3,E01003301,1,1,1.0
2016-3,E01003302,1,1,1.0
2016-3,E01003303,1,1,1.0
2016-3,E01003304,22,6,3.6666666666666665
2016-3,E01003305,2,2,1.0
2016-3,E01003307,10,4,2.5
2016-3,E01003308,8,4,2.0
2016-3,E01003309,7,4,1.75
2016-3,E01003310,8,5,1.6
2016-3,E01003311,2,1,2.0
2016-3,E01003312,5,4,1.25
2016-3,E01003313,9,2,4.5
2016-3,E01003314,14,4,3.5
2016-3,E01003315,5,4,1.25
2016-3,E01003316,2,2,1.0
2016-3,E01003317,1,1,1.0
2016-3,E01003318,22,5,4.4
2016-3,E01003319,2,2,1.0
2016-3,E01003320,4,4,1.0
2016-3,E01003321,6,3,2.0
2016-3,E01003322,1,1,1.0
2016-3,E01003323,4,2,2.0
2016-3,E01003324,1,1,1.0
2016-3,E01003325,2,2,1.0
2016-3,E01003326,3,2,1.5
2016-3,E01003327,12,6,2.0
2016-3,E01003328,21,5,4.2
2016-3,E01003329,6,2,3.0
2016-3,E01003330,17,4,4.25
2016-3,E01003331,16,3,5.333333333333333
2016-3,E01003332,12,6,2.0
2016-3,E01003333,5,2,2.5
2016-3,E01003334,28,5,5.6
2016-3,E01003335,5,2,2.5
2016-3,E01003336,1,1,1.0
2016-3,E01003337,7,3,2.3333333333333335
2016-3,E01003338,2,1,2.0
2016-3,E01003339,1,1,1.0
2016-3,E01003340,1,1,1.0
2016-3,E01003343,21,3,7.0
2016-3,E01003344,1,1,1.0
2016-3,E01003346,10,3,3.3333333333333335
2016-3,E01003347,2,1,2.0
2016-3,E01003348,1,1,1.0
2016-3,E01003349,7,2,3.5
2016-3,E01003351,1,1,1.0
2016-3,E01003353,2,2,1.0
2016-3,E01003354,3,2,1.5
2016-3,E01003355,1,1,1.0
2016-3,E01003357,1,1,1.0
2016-3,E01003359,1,1,1.0
2016-3,E01003360,3,1,3.0
2016-3,E01003367,1,1,1.0
2016-3,E01003375,3,2,1.5
2016-3,E01003380,1,1,1.0
2016-3,E01003384,1,1,1.0
2016-3,E01003385,1,1,1.0
2016-3,E01003401,1,1,1.0
2016-3,E01003407,1,1,1.0
2016-3,E01003411,1,1,1.0
2016-3,E01003423,3,3,1.0
2016-3,E01003432,1,1,1.0
2016-3,E01003435,1,1,1.0
2016-3,E01003437,1,1,1.0
2016-3,E01003440,1,1,1.0
2016-3,E01003446,1,1,1.0
2016-3,E01003454,1,1,1.0
2016-3,E01003455,1,1,1.0
2016-3,E01003462,1,1,1.0
2016-3,E01003471,2,1,2.0
2016-3,E01003474,1,1,1.0
2016-3,E01003475,1,1,1.0
2016-3,E01003477,1,1,1.0
2016-3,E01003478,2,2,1.0
2016-3,E01003482,1,1,1.0
2016-3,E01003516,1,1,1.0
2016-3,E01003518,1,1,1.0
2016-3,E01003524,1,1,1.0
2016-3,E01003566,1,1,1.0
2016-3,E01003605,1,1,1.0
2016-3,E01003609,1,1,1.0
2016-3,E01003615,1,1,1.0
2016-3,E01003619,1,1,1.0
2016-3,E01003625,1,1,1.0
2016-3,E01003630,1,1,1.0
2016-3,E01003728,1,1,1.0
2016-3,E01003783,1,1,1.0
2016-3,E01003813,1,1,1.0
2016-3,E01003817,1,1,1.0
2016-3,E01003818,2,1,2.0
2016-3,E01003820,1,1,1.0
2016-3,E01003823,3,3,1.0
2016-3,E01003827,1,1,1.0
2016-3,E01003838,1,1,1.0
2016-3,E01003839,1,1,1.0
2016-3,E01003841,1,1,1.0
2016-3,E01003853,3,2,1.5
2016-3,E01003856,2,1,2.0
2016-3,E01003861,2,1,2.0
2016-3,E01003872,1,1,1.0
2016-3,E01003876,2,2,1.0
2016-3,E01003879,1,1,1.0
2016-3,E01003883,1,1,1.0
2016-3,E01003884,1,1,1.0
2016-3,E01003891,1,1,1.0
2016-3,E01003893,2,1,2.0
2016-3,E01003897,1,1,1.0
2016-3,E01003900,1,1,1.0
2016-3,E01003904,3,3,1.0
2016-3,E01003911,1,1,1.0
2016-3,E01003917,3,1,3.0
2016-3,E01003920,2,2,1.0
2016-3,E01003927,1,1,1.0
2016-3,E01003929,2,2,1.0
2016-3,E01003932,1,1,1.0
2016-3,E01003935,1,1,1.0
2016-3,E01003936,1,1,1.0
2016-3,E01003942,1,1,1.0
2016-3,E01003945,3,2,1.5
2016-3,E01003947,1,1,1.0
2016-3,E01003948,2,1,2.0
2016-3,E01003954,2,2,1.0
2016-3,E01003961,1,1,1.0
2016-3,E01004000,3,2,1.5
2016-3,E01004015,1,1,1.0
2016-3,E01004017,3,3,1.0
2016-3,E01004018,1,1,1.0
2016-3,E01004020,1,1,1.0
2016-3,E01004031,1,1,1.0
2016-3,E01004036,3,3,1.0
2016-3,E01004039,1,1,1.0
2016-3,E01004044,1,1,1.0
2016-3,E01004056,5,2,2.5
2016-3,E01004057,1,1,1.0
2016-3,E01004062,1,1,1.0
2016-3,E01004067,3,1,3.0
2016-3,E01004071,2,1,2.0
2016-3,E01004076,2,1,2.0
2016-3,E01004077,4,2,2.0
2016-3,E01004078,2,1,2.0
2016-3,E01004091,1,1,1.0
2016-3,E01004094,1,1,1.0
2016-3,E01004099,1,1,1.0
2016-3,E01004100,1,1,1.0
2016-3,E01004103,1,1,1.0
2016-3,E01004106,1,1,1.0
2016-3,E01004107,1,1,1.0
2016-3,E01004111,1,1,1.0
2016-3,E01004129,1,1,1.0
2016-3,E01004131,1,1,1.0
2016-3,E01004133,1,1,1.0
2016-3,E01004156,1,1,1.0
2016-3,E01004177,1,1,1.0
2016-3,E01004183,1,1,1.0
2016-3,E01004185,1,1,1.0
2016-3,E01004188,3,2,1.5
2016-3,E01004192,2,1,2.0
2016-3,E01004200,1,1,1.0
2016-3,E01004204,1,1,1.0
2016-3,E01004217,3,2,1.5
2016-3,E01004221,4,1,4.0
2016-3,E01004222,1,1,1.0
2016-3,E01004225,4,1,4.0
2016-3,E01004226,1,1,1.0
2016-3,E01004230,2,2,1.0
2016-3,E01004231,1,1,1.0
2016-3,E01004232,2,2,1.0
2016-3,E01004238,1,1,1.0
2016-3,E01004244,2,1,2.0
2016-3,E01004249,1,1,1.0
2016-3,E01004250,2,2,1.0
2016-3,E01004253,1,1,1.0
2016-3,E01004254,1,1,1.0
2016-3,E01004255,1,1,1.0
2016-3,E01004259,2,2,1.0
2016-3,E01004269,1,1,1.0
2016-3,E01004275,1,1,1.0
2016-3,E01004277,1,1,1.0
2016-3,E01004290,1,1,1.0
2016-3,E01004307,1,1,1.0
2016-3,E01004323,1,1,1.0
2016-3,E01004325,1,1,1.0
2016-3,E01004330,2,1,2.0
2016-3,E01004331,1,1,1.0
2016-3,E01004336,2,2,1.0
2016-3,E01004339,11,1,11.0
2016-3,E01004369,1,1,1.0
2016-3,E01004370,4,1,4.0
2016-3,E01004372,1,1,1.0
2016-3,E01004374,1,1,1.0
2016-3,E01004375,1,1,1.0
2016-3,E01004381,6,2,3.0
2016-3,E01004384,7,2,3.5
2016-3,E01004390,3,2,1.5
2016-3,E01004398,3,2,1.5
2016-3,E01004400,2,1,2.0
2016-3,E01004412,1,1,1.0
2016-3,E01004420,1,1,1.0
2016-3,E01004430,1,1,1.0
2016-3,E01004436,1,1,1.0
2016-3,E01004439,1,1,1.0
2016-3,E01004466,1,1,1.0
2016-3,E01004468,2,1,2.0
2016-3,E01004470,1,1,1.0
2016-3,E01004481,1,1,1.0
2016-3,E01004488,1,1,1.0
2016-3,E01004493,1,1,1.0
2016-3,E01004494,3,2,1.5
2016-3,E01004496,2,2,1.0
2016-3,E01004498,2,2,1.0
2016-3,E01004504,1,1,1.0
2016-3,E01004511,1,1,1.0
2016-3,E01004512,1,1,1.0
2016-3,E01004524,1,1,1.0
2016-3,E01004525,1,1,1.0
2016-3,E01004527,1,1,1.0
2016-3,E01004528,1,1,1.0
2016-3,E01004540,2,2,1.0
2016-3,E01004548,1,1,1.0
2016-3,E01004550,1,1,1.0
2016-3,E01004551,2,2,1.0
2016-3,E01004558,1,1,1.0
2016-3,E01004564,1,1,1.0
2016-3,E01004565,2,2,1.0
2016-3,E01004568,1,1,1.0
2016-3,E01004574,1,1,1.0
2016-3,E01004580,1,1,1.0
2016-3,E01004581,1,1,1.0
2016-3,E01004585,1,1,1.0
2016-3,E01004586,1,1,1.0
2016-3,E01004588,1,1,1.0
2016-3,E01004593,1,1,1.0
2016-3,E01004594,1,1,1.0
2016-3,E01004596,3,2,1.5
2016-3,E01004597,2,1,2.0
2016-3,E01004598,3,3,1.0
2016-3,E01004599,1,1,1.0
2016-3,E01004604,2,2,1.0
2016-3,E01004605,2,1,2.0
2016-3,E01004606,2,1,2.0
2016-3,E01004609,2,2,1.0
2016-3,E01004611,1,1,1.0
2016-3,E01004620,1,1,1.0
2016-3,E01004623,1,1,1.0
2016-3,E01004641,1,1,1.0
2016-3,E01004643,2,1,2.0
2016-3,E01004645,1,1,1.0
2016-3,E01004657,1,1,1.0
2016-3,E01004658,1,1,1.0
2016-3,E01004659,1,1,1.0
2016-3,E01004662,1,1,1.0
2016-3,E01004714,1,1,1.0
2016-3,E01004719,1,1,1.0
2016-3,E01004721,2,1,2.0
2016-3,E01004730,1,1,1.0
2016-3,E01004731,2,2,1.0
2016-3,E01004733,2,2,1.0
2016-3,E01004734,1,1,1.0
2016-3,E01004735,4,2,2.0
2016-3,E01004736,6,4,1.5
2016-3,E01004741,1,1,1.0
2016-3,E01004755,1,1,1.0
2016-3,E01004756,1,1,1.0
2016-3,E01004763,1,1,1.0
2016-3,E01004766,1,1,1.0
2016-3,E01004768,1,1,1.0
2016-3,E01004775,1,1,1.0
2016-3,E01004776,2,2,1.0
2016-3,E01004780,1,1,1.0
2016-3,E01004781,1,1,1.0
2016-3,E01004785,1,1,1.0
2016-3,E01004787,3,1,3.0
2016-3,E01004789,6,5,1.2
2016-3,E01004790,1,1,1.0
2016-3,E01004791,1,1,1.0
2016-3,E01004792,1,1,1.0
2016-3,E01004793,4,2,2.0
2016-3,E01004795,1,1,1.0
2016-3,E01004796,3,1,3.0
2016-3,E01004797,2,2,1.0
2016-3,E01004798,7,1,7.0
2016-3,E01004799,1,1,1.0
2016-3,E01004801,5,1,5.0
2016-3,E01004802,2,1,2.0
2016-3,E01004803,1,1,1.0
2016-3,E01004805,1,1,1.0
2016-3,E01004809,1,1,1.0
2016-3,E01004818,1,1,1.0
2016-3,E01004833,1,1,1.0
2016-3,E01004834,1,1,1.0
2016-3,E01004835,1,1,1.0
2016-3,E01004838,1,1,1.0
2016-3,E01004839,1,1,1.0
2016-3,E01004849,1,1,1.0
2016-3,E01004851,1,1,1.0
2016-3,E01004866,1,1,1.0
2016-3,E01004868,1,1,1.0
2016-3,E01004875,1,1,1.0
2016-3,E01004879,1,1,1.0
2016-3,E01004886,3,2,1.5
2016-3,E01004893,1,1,1.0
2016-3,E01004904,5,2,2.5
2016-3,E01004908,1,1,1.0
2016-3,E01004914,1,1,1.0
2016-3,E01004919,1,1,1.0
2016-3,E01004928,1,1,1.0
2016-3,E01004929,1,1,1.0
2016-3,E01004936,1,1,1.0
2016-3,E01004950,2,1,2.0
2016-3,E01004951,1,1,1.0
2016-3,E01004957,1,1,1.0
2016-3,E01004958,1,1,1.0
2016-3,E01004965,1,1,1.0
2016-3,E01004966,1,1,1.0
2016-3,E01004970,1,1,1.0
2016-3,E01004978,1,1,1.0
2016-3,E01004984,1,1,1.0
2016-3,E01004985,5,3,1.6666666666666667
2016-3,E01004986,2,2,1.0
2016-3,E01004989,2,2,1.0
2016-3,E01004992,1,1,1.0
2016-3,E01004993,1,1,1.0
2016-3,E01004995,1,1,1.0
2016-3,E01004997,1,1,1.0
2016-3,E01004999,1,1,1.0
2016-3,E01005000,2,2,1.0
2016-3,E01005005,4,4,1.0
2016-3,E01005012,1,1,1.0
2016-3,E01005014,3,3,1.0
2016-3,E01005016,2,2,1.0
2016-3,E01005017,1,1,1.0
2016-3,E01005021,3,1,3.0
2016-3,E01005022,1,1,1.0
2016-3,E01005032,5,2,2.5
2016-3,E01005033,3,1,3.0
2016-3,E01005034,1,1,1.0
2016-3,E01005035,2,1,2.0
2016-3,E01005036,2,1,2.0
2016-3,E01005042,4,1,4.0
2016-3,E01005043,1,1,1.0
2016-3,E01005045,2,2,1.0
2016-3,E01005047,1,1,1.0
2016-3,E01005054,1,1,1.0
2016-3,E01005055,3,1,3.0
2016-3,E01005060,1,1,1.0
2016-3,E01005062,1,1,1.0
2016-3,E01005063,1,1,1.0
2016-3,E01005065,4,2,2.0
2016-3,E01005066,1,1,1.0
2016-3,E01005067,1,1,1.0
2016-3,E01005070,1,1,1.0
2016-3,E01005079,2,2,1.0
2016-3,E01005081,1,1,1.0
2016-3,E01005083,1,1,1.0
2016-3,E01005085,1,1,1.0
2016-3,E01005088,1,1,1.0
2016-3,E01005090,1,1,1.0
2016-3,E01005091,1,1,1.0
2016-3,E01005098,1,1,1.0
2016-3,E01005099,1,1,1.0
2016-3,E01005100,1,1,1.0
2016-3,E01005103,2,1,2.0
2016-3,E01005108,2,2,1.0
2016-3,E01005112,1,1,1.0
2016-3,E01005114,1,1,1.0
2016-3,E01005116,1,1,1.0
2016-3,E01005117,2,2,1.0
2016-3,E01005120,1,1,1.0
2016-3,E01005121,1,1,1.0
2016-3,E01005133,1,1,1.0
2016-3,E01005135,1,1,1.0
2016-3,E01005136,1,1,1.0
2016-3,E01005138,2,2,1.0
2016-3,E01005140,1,1,1.0
2016-3,E01005141,1,1,1.0
2016-3,E01005150,2,2,1.0
2016-3,E01005151,1,1,1.0
2016-3,E01005156,1,1,1.0
2016-3,E01005158,1,1,1.0
2016-3,E01005166,1,1,1.0
2016-3,E01005168,1,1,1.0
2016-3,E01005172,1,1,1.0
2016-3,E01005174,1,1,1.0
2016-3,E01005180,1,1,1.0
2016-3,E01005182,1,1,1.0
2016-3,E01005185,2,2,1.0
2016-3,E01005186,1,1,1.0
2016-3,E01005187,1,1,1.0
2016-3,E01005193,1,1,1.0
2016-3,E01005196,1,1,1.0
2016-3,E01005200,3,2,1.5
2016-3,E01005202,2,2,1.0
2016-3,E01005205,1,1,1.0
2016-3,E01005208,1,1,1.0
2016-3,E01005209,1,1,1.0
2016-3,E01005210,3,2,1.5
2016-3,E01005212,1,1,1.0
2016-3,E01005214,3,3,1.0
2016-3,E01005218,1,1,1.0
2016-3,E01005224,1,1,1.0
2016-3,E01005225,5,3,1.6666666666666667
2016-3,E01005228,2,2,1.0
2016-3,E01005232,2,1,2.0
2016-3,E01005235,1,1,1.0
2016-3,E01005240,3,3,1.0
2016-3,E01005241,1,1,1.0
2016-3,E01005243,2,2,1.0
2016-3,E01005249,3,2,1.5
2016-3,E01005252,1,1,1.0
2016-3,E01005256,1,1,1.0
2016-3,E01005264,1,1,1.0
2016-3,E01005265,2,1,2.0
2016-3,E01005267,2,2,1.0
2016-3,E01005269,1,1,1.0
2016-3,E01005272,1,1,1.0
2016-3,E01005276,1,1,1.0
2016-3,E01005279,1,1,1.0
2016-3,E01005281,2,2,1.0
2016-3,E01005284,1,1,1.0
2016-3,E01005286,3,2,1.5
2016-3,E01005290,1,1,1.0
2016-3,E01005294,1,1,1.0
2016-3,E01005295,1,1,1.0
2016-3,E01005297,12,5,2.4
2016-3,E01005298,15,8,1.875
2016-3,E01005299,2,2,1.0
2016-3,E01005302,2,2,1.0
2016-3,E01005304,1,1,1.0
2016-3,E01005306,2,2,1.0
2016-3,E01005317,2,2,1.0
2016-3,E01005322,1,1,1.0
2016-3,E01005330,1,1,1.0
2016-3,E01005332,1,1,1.0
2016-3,E01005342,1,1,1.0
2016-3,E01005346,1,1,1.0
2016-3,E01005359,2,2,1.0
2016-3,E01005360,1,1,1.0
2016-3,E01005362,7,5,1.4
2016-3,E01005363,17,5,3.4
2016-3,E01005364,3,2,1.5
2016-3,E01005365,4,2,2.0
2016-3,E01005366,9,5,1.8
2016-3,E01005368,4,2,2.0
2016-3,E01005369,3,3,1.0
2016-3,E01005370,1,1,1.0
2016-3,E01005371,18,5,3.6
2016-3,E01005372,6,2,3.0
2016-3,E01005373,6,3,2.0
2016-3,E01005375,16,8,2.0
2016-3,E01005376,5,4,1.25
2016-3,E01005378,1,1,1.0
2016-3,E01005387,1,1,1.0
2016-3,E01005391,1,1,1.0
2016-3,E01005393,1,1,1.0
2016-3,E01005395,2,2,1.0
2016-3,E01005396,1,1,1.0
2016-3,E01005397,1,1,1.0
2016-3,E01005401,1,1,1.0
2016-3,E01005410,1,1,1.0
2016-3,E01005412,2,1,2.0
2016-3,E01005428,1,1,1.0
2016-3,E01005429,1,1,1.0
2016-3,E01005434,1,1,1.0
2016-3,E01005437,1,1,1.0
2016-3,E01005446,1,1,1.0
2016-3,E01005448,1,1,1.0
2016-3,E01005468,1,1,1.0
2016-3,E01005469,1,1,1.0
2016-3,E01005485,1,1,1.0
2016-3,E01005499,1,1,1.0
2016-3,E01005517,1,1,1.0
2016-3,E01005529,1,1,1.0
2016-3,E01005531,1,1,1.0
2016-3,E01005533,1,1,1.0
2016-3,E01005538,1,1,1.0
2016-3,E01005541,1,1,1.0
2016-3,E01005555,1,1,1.0
2016-3,E01005567,1,1,1.0
2016-3,E01005577,1,1,1.0
2016-3,E01005667,1,1,1.0
2016-3,E01005675,1,1,1.0
2016-3,E01005755,1,1,1.0
2016-3,E01005757,1,1,1.0
2016-3,E01005769,1,1,1.0
2016-3,E01005775,1,1,1.0
2016-3,E01005782,1,1,1.0
2016-3,E01005788,1,1,1.0
2016-3,E01005789,1,1,1.0
2016-3,E01005796,1,1,1.0
2016-3,E01005819,1,1,1.0
2016-3,E01005840,1,1,1.0
2016-3,E01005845,1,1,1.0
2016-3,E01005856,1,1,1.0
2016-3,E01005859,1,1,1.0
2016-3,E01005860,1,1,1.0
2016-3,E01005868,1,1,1.0
2016-3,E01005890,1,1,1.0
2016-3,E01005893,1,1,1.0
2016-3,E01005898,1,1,1.0
2016-3,E01005904,1,1,1.0
2016-3,E01005911,1,1,1.0
2016-3,E01005913,1,1,1.0
2016-3,E01005922,1,1,1.0
2016-3,E01005925,1,1,1.0
2016-3,E01005926,1,1,1.0
2016-3,E01005942,1,1,1.0
2016-3,E01005943,2,1,2.0
2016-3,E01005946,1,1,1.0
2016-3,E01005948,2,2,1.0
2016-3,E01005961,1,1,1.0
2016-3,E01005964,1,1,1.0
2016-3,E01006008,2,1,2.0
2016-3,E01006009,1,1,1.0
2016-3,E01006019,1,1,1.0
2016-3,E01006021,2,1,2.0
2016-3,E01006022,1,1,1.0
2016-3,E01006023,4,2,2.0
2016-3,E01006035,1,1,1.0
2016-3,E01006044,3,2,1.5
2016-3,E01006051,2,1,2.0
2016-3,E01006074,6,2,3.0
2016-3,E01006075,1,1,1.0
2016-3,E01006078,1,1,1.0
2016-3,E01006080,1,1,1.0
2016-3,E01006081,1,1,1.0
2016-3,E01006082,1,1,1.0
2016-3,E01006086,1,1,1.0
2016-3,E01006087,8,4,2.0
2016-3,E01006089,2,1,2.0
2016-3,E01006100,1,1,1.0
2016-3,E01006104,1,1,1.0
2016-3,E01006107,1,1,1.0
2016-3,E01006109,1,1,1.0
2016-3,E01006110,7,3,2.3333333333333335
2016-3,E01006113,2,2,1.0
2016-3,E01006115,2,1,2.0
2016-3,E01006118,1,1,1.0
2016-3,E01006120,1,1,1.0
2016-3,E01006121,8,4,2.0
2016-3,E01006125,1,1,1.0
2016-3,E01006128,1,1,1.0
2016-3,E01006132,1,1,1.0
2016-3,E01006140,1,1,1.0
2016-3,E01006142,3,3,1.0
2016-3,E01006143,1,1,1.0
2016-3,E01006144,10,4,2.5
2016-3,E01006145,4,2,2.0
2016-3,E01006146,1,1,1.0
2016-3,E01006150,1,1,1.0
2016-3,E01006151,5,1,5.0
2016-3,E01006157,14,6,2.3333333333333335
2016-3,E01006159,2,1,2.0
2016-3,E01006160,2,2,1.0
2016-3,E01006163,1,1,1.0
2016-3,E01006165,1,1,1.0
2016-3,E01006173,1,1,1.0
2016-3,E01006174,1,1,1.0
2016-3,E01006176,4,2,2.0
2016-3,E01006178,3,1,3.0
2016-3,E01006179,3,3,1.0
2016-3,E01006180,4,4,1.0
2016-3,E01006183,1,1,1.0
2016-3,E01006184,1,1,1.0
2016-3,E01006186,2,1,2.0
2016-3,E01006187,4,2,2.0
2016-3,E01006188,2,2,1.0
2016-3,E01006189,4,3,1.3333333333333333
2016-3,E01006190,1,1,1.0
2016-3,E01006193,1,1,1.0
2016-3,E01006199,1,1,1.0
2016-3,E01006204,1,1,1.0
2016-3,E01006205,1,1,1.0
2016-3,E01006206,1,1,1.0
2016-3,E01006208,1,1,1.0
2016-3,E01006210,1,1,1.0
2016-3,E01006211,3,1,3.0
2016-3,E01006218,1,1,1.0
2016-3,E01006226,1,1,1.0
2016-3,E01006256,1,1,1.0
2016-3,E01006268,1,1,1.0
2016-3,E01006274,1,1,1.0
2016-3,E01006282,1,1,1.0
2016-3,E01006307,1,1,1.0
2016-3,E01006313,1,1,1.0
2016-3,E01006315,2,1,2.0
2016-3,E01006316,1,1,1.0
2016-3,E01006320,5,5,1.0
2016-3,E01006328,1,1,1.0
2016-3,E01006342,1,1,1.0
2016-3,E01006344,1,1,1.0
2016-3,E01006345,1,1,1.0
2016-3,E01006352,1,1,1.0
2016-3,E01006361,1,1,1.0
2016-3,E01006364,2,1,2.0
2016-3,E01006365,1,1,1.0
2016-3,E01006366,1,1,1.0
2016-3,E01006368,1,1,1.0
2016-3,E01006376,1,1,1.0
2016-3,E01006407,1,1,1.0
2016-3,E01006419,1,1,1.0
2016-3,E01006422,1,1,1.0
2016-3,E01006425,1,1,1.0
2016-3,E01006445,1,1,1.0
2016-3,E01006456,2,1,2.0
2016-3,E01006463,2,2,1.0
2016-3,E01006486,1,1,1.0
2016-3,E01006496,1,1,1.0
2016-3,E01006497,1,1,1.0
2016-3,E01006499,1,1,1.0
2016-3,E01006501,2,2,1.0
2016-3,E01006506,1,1,1.0
2016-3,E01006508,1,1,1.0
2016-3,E01006512,2,2,1.0
2016-3,E01006513,3,3,1.0
2016-3,E01006514,1,1,1.0
2016-3,E01006515,1,1,1.0
2016-3,E01006521,2,2,1.0
2016-3,E01006522,2,1,2.0
2016-3,E01006523,1,1,1.0
2016-3,E01006524,1,1,1.0
2016-3,E01006525,1,1,1.0
2016-3,E01006527,1,1,1.0
2016-3,E01006532,1,1,1.0
2016-3,E01006537,1,1,1.0
2016-3,E01006541,1,1,1.0
2016-3,E01006550,1,1,1.0
2016-3,E01006560,1,1,1.0
2016-3,E01006568,1,1,1.0
2016-3,E01006569,1,1,1.0
2016-3,E01006570,1,1,1.0
2016-3,E01006571,1,1,1.0
2016-3,E01006578,1,1,1.0
2016-3,E01006579,1,1,1.0
2016-3,E01006581,1,1,1.0
2016-3,E01006584,1,1,1.0
2016-3,E01006593,1,1,1.0
2016-3,E01006597,3,1,3.0
2016-3,E01006605,1,1,1.0
2016-3,E01006608,2,2,1.0
2016-3,E01006610,1,1,1.0
2016-3,E01006614,1,1,1.0
2016-3,E01006621,1,1,1.0
2016-3,E01006628,1,1,1.0
2016-3,E01006630,1,1,1.0
2016-3,E01006646,2,2,1.0
2016-3,E01006652,1,1,1.0
2016-3,E01006663,2,2,1.0
2016-3,E01006673,2,1,2.0
2016-3,E01006675,2,1,2.0
2016-3,E01006679,2,1,2.0
2016-3,E01006684,1,1,1.0
2016-3,E01006700,1,1,1.0
2016-3,E01006706,1,1,1.0
2016-3,E01006711,1,1,1.0
2016-3,E01006722,1,1,1.0
2016-3,E01006730,1,1,1.0
2016-3,E01006731,1,1,1.0
2016-3,E01006739,1,1,1.0
2016-3,E01006740,1,1,1.0
2016-3,E01006741,1,1,1.0
2016-3,E01006743,1,1,1.0
2016-3,E01006753,1,1,1.0
2016-3,E01006754,2,1,2.0
2016-3,E01006755,1,1,1.0
2016-3,E01006766,1,1,1.0
2016-3,E01006767,2,1,2.0
2016-3,E01006776,1,1,1.0
2016-3,E01006784,2,1,2.0
2016-3,E01006792,1,1,1.0
2016-3,E01006796,2,2,1.0
2016-3,E01006825,1,1,1.0
2016-3,E01006849,1,1,1.0
2016-3,E01006856,1,1,1.0
2016-3,E01006865,1,1,1.0
2016-3,E01006883,1,1,1.0
2016-3,E01006891,4,2,2.0
2016-3,E01006898,1,1,1.0
2016-3,E01006944,1,1,1.0
2016-3,E01006945,1,1,1.0
2016-3,E01006948,1,1,1.0
2016-3,E01006958,1,1,1.0
2016-3,E01006963,1,1,1.0
2016-3,E01006968,1,1,1.0
2016-3,E01006997,1,1,1.0
2016-3,E01007006,1,1,1.0
2016-3,E01007041,2,2,1.0
2016-3,E01007078,2,1,2.0
2016-3,E01007095,1,1,1.0
2016-3,E01007108,1,1,1.0
2016-3,E01007112,3,2,1.5
2016-3,E01007118,2,1,2.0
2016-3,E01007121,1,1,1.0
2016-3,E01007131,1,1,1.0
2016-3,E01007143,2,2,1.0
2016-3,E01007147,1,1,1.0
2016-3,E01007154,4,2,2.0
2016-3,E01007156,1,1,1.0
2016-3,E01007159,3,2,1.5
2016-3,E01007163,1,1,1.0
2016-3,E01007164,1,1,1.0
2016-3,E01007179,4,1,4.0
2016-3,E01007180,5,1,5.0
2016-3,E01007181,1,1,1.0
2016-3,E01007187,1,1,1.0
2016-3,E01007189,3,2,1.5
2016-3,E01007195,1,1,1.0
2016-3,E01007196,1,1,1.0
2016-3,E01007198,2,2,1.0
2016-3,E01007202,1,1,1.0
2016-3,E01007210,1,1,1.0
2016-3,E01007217,1,1,1.0
2016-3,E01007219,1,1,1.0
2016-3,E01007233,1,1,1.0
2016-3,E01007235,1,1,1.0
2016-3,E01007252,1,1,1.0
2016-3,E01007257,1,1,1.0
2016-3,E01007258,1,1,1.0
2016-3,E01007270,2,1,2.0
2016-3,E01007274,1,1,1.0
2016-3,E01007276,1,1,1.0
2016-3,E01007284,2,2,1.0
2016-3,E01007288,1,1,1.0
2016-3,E01007291,1,1,1.0
2016-3,E01007297,1,1,1.0
2016-3,E01007308,1,1,1.0
2016-3,E01007309,1,1,1.0
2016-3,E01007316,1,1,1.0
2016-3,E01007319,1,1,1.0
2016-3,E01007327,1,1,1.0
2016-3,E01007329,3,2,1.5
2016-3,E01007331,2,2,1.0
2016-3,E01007332,3,2,1.5
2016-3,E01007333,1,1,1.0
2016-3,E01007342,1,1,1.0
2016-3,E01007345,1,1,1.0
2016-3,E01007353,1,1,1.0
2016-3,E01007354,1,1,1.0
2016-3,E01007360,1,1,1.0
2016-3,E01007370,2,1,2.0
2016-3,E01007371,1,1,1.0
2016-3,E01007373,1,1,1.0
2016-3,E01007376,1,1,1.0
2016-3,E01007378,1,1,1.0
2016-3,E01007380,1,1,1.0
2016-3,E01007382,1,1,1.0
2016-3,E01007384,3,2,1.5
2016-3,E01007388,6,3,2.0
2016-3,E01007389,4,1,4.0
2016-3,E01007390,2,1,2.0
2016-3,E01007394,2,1,2.0
2016-3,E01007417,1,1,1.0
2016-3,E01007419,2,1,2.0
2016-3,E01007421,3,2,1.5
2016-3,E01007423,2,2,1.0
2016-3,E01007424,3,2,1.5
2016-3,E01007425,1,1,1.0
2016-3,E01007426,2,1,2.0
2016-3,E01007427,1,1,1.0
2016-3,E01007429,1,1,1.0
2016-3,E01007431,1,1,1.0
2016-3,E01007443,2,1,2.0
2016-3,E01007444,1,1,1.0
2016-3,E01007445,1,1,1.0
2016-3,E01007455,1,1,1.0
2016-3,E01007456,1,1,1.0
2016-3,E01007457,1,1,1.0
2016-3,E01007458,2,2,1.0
2016-3,E01007461,1,1,1.0
2016-3,E01007490,1,1,1.0
2016-3,E01007492,2,1,2.0
2016-3,E01007499,1,1,1.0
2016-3,E01007504,1,1,1.0
2016-3,E01007509,1,1,1.0
2016-3,E01007512,1,1,1.0
2016-3,E01007518,1,1,1.0
2016-3,E01007521,1,1,1.0
2016-3,E01007532,1,1,1.0
2016-3,E01007534,1,1,1.0
2016-3,E01007535,5,3,1.6666666666666667
2016-3,E01007536,1,1,1.0
2016-3,E01007539,1,1,1.0
2016-3,E01007541,2,1,2.0
2016-3,E01007545,1,1,1.0
2016-3,E01007551,1,1,1.0
2016-3,E01007557,1,1,1.0
2016-3,E01007559,3,1,3.0
2016-3,E01007569,1,1,1.0
2016-3,E01007574,1,1,1.0
2016-3,E01007579,1,1,1.0
2016-3,E01007583,1,1,1.0
2016-3,E01007587,1,1,1.0
2016-3,E01007594,1,1,1.0
2016-3,E01007611,1,1,1.0
2016-3,E01007613,2,2,1.0
2016-3,E01007623,1,1,1.0
2016-3,E01007624,1,1,1.0
2016-3,E01007625,1,1,1.0
2016-3,E01007626,1,1,1.0
2016-3,E01007627,1,1,1.0
2016-3,E01007628,1,1,1.0
2016-3,E01007638,1,1,1.0
2016-3,E01007639,1,1,1.0
2016-3,E01007641,2,2,1.0
2016-3,E01007655,1,1,1.0
2016-3,E01007658,1,1,1.0
2016-3,E01007661,1,1,1.0
2016-3,E01007663,2,2,1.0
2016-3,E01007665,4,4,1.0
2016-3,E01007666,2,2,1.0
2016-3,E01007669,1,1,1.0
2016-3,E01007670,2,2,1.0
2016-3,E01007671,1,1,1.0
2016-3,E01007672,1,1,1.0
2016-3,E01007674,1,1,1.0
2016-3,E01007676,1,1,1.0
2016-3,E01007683,1,1,1.0
2016-3,E01007684,1,1,1.0
2016-3,E01007685,1,1,1.0
2016-3,E01007693,1,1,1.0
2016-3,E01007696,6,2,3.0
2016-3,E01007698,2,2,1.0
2016-3,E01007699,1,1,1.0
2016-3,E01007700,2,1,2.0
2016-3,E01007714,2,2,1.0
2016-3,E01007735,2,1,2.0
2016-3,E01007739,2,1,2.0
2016-3,E01007748,1,1,1.0
2016-3,E01007749,1,1,1.0
2016-3,E01007750,1,1,1.0
2016-3,E01007751,1,1,1.0
2016-3,E01007753,1,1,1.0
2016-3,E01007761,1,1,1.0
2016-3,E01007762,1,1,1.0
2016-3,E01007763,1,1,1.0
2016-3,E01007764,2,2,1.0
2016-3,E01007771,1,1,1.0
2016-3,E01007777,1,1,1.0
2016-3,E01007781,1,1,1.0
2016-3,E01007784,1,1,1.0
2016-3,E01007785,1,1,1.0
2016-3,E01007793,1,1,1.0
2016-3,E01007800,1,1,1.0
2016-3,E01007808,1,1,1.0
2016-3,E01007810,1,1,1.0
2016-3,E01007812,1,1,1.0
2016-3,E01007813,2,1,2.0
2016-3,E01007815,1,1,1.0
2016-3,E01007816,1,1,1.0
2016-3,E01007819,3,1,3.0
2016-3,E01007820,2,1,2.0
2016-3,E01007823,1,1,1.0
2016-3,E01007829,2,2,1.0
2016-3,E01007831,1,1,1.0
2016-3,E01007832,1,1,1.0
2016-3,E01007839,2,2,1.0
2016-3,E01007841,2,2,1.0
2016-3,E01007848,4,3,1.3333333333333333
2016-3,E01007849,1,1,1.0
2016-3,E01007850,1,1,1.0
2016-3,E01007851,2,1,2.0
2016-3,E01007852,1,1,1.0
2016-3,E01007857,1,1,1.0
2016-3,E01007860,2,2,1.0
2016-3,E01007862,2,2,1.0
2016-3,E01007867,10,3,3.3333333333333335
2016-3,E01007869,1,1,1.0
2016-3,E01007870,3,3,1.0
2016-3,E01007871,1,1,1.0
2016-3,E01007872,1,1,1.0
2016-3,E01007873,1,1,1.0
2016-3,E01007875,1,1,1.0
2016-3,E01007877,9,2,4.5
2016-3,E01007878,3,2,1.5
2016-3,E01007879,2,1,2.0
2016-3,E01007881,3,2,1.5
2016-3,E01007883,1,1,1.0
2016-3,E01007885,1,1,1.0
2016-3,E01007892,1,1,1.0
2016-3,E01007900,2,1,2.0
2016-3,E01007902,1,1,1.0
2016-3,E01007903,1,1,1.0
2016-3,E01007904,4,4,1.0
2016-3,E01007905,1,1,1.0
2016-3,E01007906,9,5,1.8
2016-3,E01007907,2,1,2.0
2016-3,E01007909,1,1,1.0
2016-3,E01007910,3,3,1.0
2016-3,E01007911,1,1,1.0
2016-3,E01007912,1,1,1.0
2016-3,E01007913,4,4,1.0
2016-3,E01007919,1,1,1.0
2016-3,E01007922,1,1,1.0
2016-3,E01007924,2,1,2.0
2016-3,E01007925,1,1,1.0
2016-3,E01007926,2,2,1.0
2016-3,E01007928,2,1,2.0
2016-3,E01007929,1,1,1.0
2016-3,E01007934,1,1,1.0
2016-3,E01007935,1,1,1.0
2016-3,E01007936,1,1,1.0
2016-3,E01007938,1,1,1.0
2016-3,E01007940,3,2,1.5
2016-3,E01007941,3,2,1.5
2016-3,E01007942,5,2,2.5
2016-3,E01007943,1,1,1.0
2016-3,E01007944,1,1,1.0
2016-3,E01007945,2,2,1.0
2016-3,E01007946,1,1,1.0
2016-3,E01007949,3,3,1.0
2016-3,E01007950,1,1,1.0
2016-3,E01007951,2,1,2.0
2016-3,E01007953,1,1,1.0
2016-3,E01007956,3,3,1.0
2016-3,E01007959,1,1,1.0
2016-3,E01007961,1,1,1.0
2016-3,E01007962,1,1,1.0
2016-3,E01007972,1,1,1.0
2016-3,E01007977,2,1,2.0
2016-3,E01007978,1,1,1.0
2016-3,E01007980,1,1,1.0
2016-3,E01007981,2,2,1.0
2016-3,E01007982,1,1,1.0
2016-3,E01007983,3,3,1.0
2016-3,E01007984,1,1,1.0
2016-3,E01007991,1,1,1.0
2016-3,E01007993,1,1,1.0
2016-3,E01007994,5,3,1.6666666666666667
2016-3,E01007995,2,2,1.0
2016-3,E01007996,4,2,2.0
2016-3,E01008004,1,1,1.0
2016-3,E01008005,3,1,3.0
2016-3,E01008006,1,1,1.0
2016-3,E01008012,6,2,3.0
2016-3,E01008015,2,2,1.0
2016-3,E01008018,2,1,2.0
2016-3,E01008025,1,1,1.0
2016-3,E01008028,2,2,1.0
2016-3,E01008032,2,2,1.0
2016-3,E01008034,1,1,1.0
2016-3,E01008037,1,1,1.0
2016-3,E01008041,2,1,2.0
2016-3,E01008044,1,1,1.0
2016-3,E01008051,1,1,1.0
2016-3,E01008059,1,1,1.0
2016-3,E01008061,1,1,1.0
2016-3,E01008065,3,2,1.5
2016-3,E01008067,4,1,4.0
2016-3,E01008069,1,1,1.0
2016-3,E01008072,1,1,1.0
2016-3,E01008073,1,1,1.0
2016-3,E01008075,1,1,1.0
2016-3,E01008076,1,1,1.0
2016-3,E01008079,1,1,1.0
2016-3,E01008082,3,2,1.5
2016-3,E01008085,3,3,1.0
2016-3,E01008086,1,1,1.0
2016-3,E01008089,4,2,2.0
2016-3,E01008091,3,2,1.5
2016-3,E01008093,1,1,1.0
2016-3,E01008094,1,1,1.0
2016-3,E01008097,1,1,1.0
2016-3,E01008100,1,1,1.0
2016-3,E01008107,1,1,1.0
2016-3,E01008108,6,3,2.0
2016-3,E01008113,1,1,1.0
2016-3,E01008115,2,2,1.0
2016-3,E01008128,3,3,1.0
2016-3,E01008130,2,2,1.0
2016-3,E01008133,2,1,2.0
2016-3,E01008135,3,1,3.0
2016-3,E01008137,2,1,2.0
2016-3,E01008138,2,1,2.0
2016-3,E01008141,1,1,1.0
2016-3,E01008143,2,2,1.0
2016-3,E01008150,1,1,1.0
2016-3,E01008153,1,1,1.0
2016-3,E01008156,1,1,1.0
2016-3,E01008159,3,3,1.0
2016-3,E01008160,1,1,1.0
2016-3,E01008161,1,1,1.0
2016-3,E01008163,2,2,1.0
2016-3,E01008166,1,1,1.0
2016-3,E01008168,1,1,1.0
2016-3,E01008170,1,1,1.0
2016-3,E01008174,1,1,1.0
2016-3,E01008175,1,1,1.0
2016-3,E01008181,1,1,1.0
2016-3,E01008208,1,1,1.0
2016-3,E01008216,1,1,1.0
2016-3,E01008217,1,1,1.0
2016-3,E01008219,1,1,1.0
2016-3,E01008224,1,1,1.0
2016-3,E01008226,3,3,1.0
2016-3,E01008228,1,1,1.0
2016-3,E01008234,3,2,1.5
2016-3,E01008236,3,3,1.0
2016-3,E01008238,2,1,2.0
2016-3,E01008243,1,1,1.0
2016-3,E01008245,1,1,1.0
2016-3,E01008247,1,1,1.0
2016-3,E01008260,1,1,1.0
2016-3,E01008262,3,3,1.0
2016-3,E01008287,1,1,1.0
2016-3,E01008295,1,1,1.0
2016-3,E01008296,1,1,1.0
2016-3,E01008318,1,1,1.0
2016-3,E01008332,1,1,1.0
2016-3,E01008345,1,1,1.0
2016-3,E01008352,1,1,1.0
2016-3,E01008379,1,1,1.0
2016-3,E01008387,1,1,1.0
2016-3,E01008396,1,1,1.0
2016-3,E01008397,1,1,1.0
2016-3,E01008398,1,1,1.0
2016-3,E01008404,2,2,1.0
2016-3,E01008406,2,1,2.0
2016-3,E01008409,1,1,1.0
2016-3,E01008410,1,1,1.0
2016-3,E01008413,6,5,1.2
2016-3,E01008419,2,2,1.0
2016-3,E01008420,1,1,1.0
2016-3,E01008431,1,1,1.0
2016-3,E01008434,1,1,1.0
2016-3,E01008455,1,1,1.0
2016-3,E01008460,1,1,1.0
2016-3,E01008461,2,1,2.0
2016-3,E01008473,2,2,1.0
2016-3,E01008479,1,1,1.0
2016-3,E01008481,3,1,3.0
2016-3,E01008482,2,1,2.0
2016-3,E01008484,4,1,4.0
2016-3,E01008490,1,1,1.0
2016-3,E01008492,1,1,1.0
2016-3,E01008501,1,1,1.0
2016-3,E01008513,1,1,1.0
2016-3,E01008525,1,1,1.0
2016-3,E01008528,1,1,1.0
2016-3,E01008540,11,2,5.5
2016-3,E01008541,3,1,3.0
2016-3,E01008544,1,1,1.0
2016-3,E01008552,1,1,1.0
2016-3,E01008567,1,1,1.0
2016-3,E01008570,2,1,2.0
2016-3,E01008575,1,1,1.0
2016-3,E01008588,1,1,1.0
2016-3,E01008602,1,1,1.0
2016-3,E01008612,1,1,1.0
2016-3,E01008617,1,1,1.0
2016-3,E01008629,1,1,1.0
2016-3,E01008631,1,1,1.0
2016-3,E01008649,1,1,1.0
2016-3,E01008652,1,1,1.0
2016-3,E01008677,1,1,1.0
2016-3,E01008684,1,1,1.0
2016-3,E01008688,1,1,1.0
2016-3,E01008702,1,1,1.0
2016-3,E01008705,1,1,1.0
2016-3,E01008720,1,1,1.0
2016-3,E01008734,1,1,1.0
2016-3,E01008740,1,1,1.0
2016-3,E01008741,1,1,1.0
2016-3,E01008748,1,1,1.0
2016-3,E01008750,1,1,1.0
2016-3,E01008759,1,1,1.0
2016-3,E01008793,1,1,1.0
2016-3,E01008799,1,1,1.0
2016-3,E01008808,1,1,1.0
2016-3,E01008848,2,2,1.0
2016-3,E01008849,1,1,1.0
2016-3,E01008851,1,1,1.0
2016-3,E01008855,2,2,1.0
2016-3,E01008859,2,1,2.0
2016-3,E01008864,2,1,2.0
2016-3,E01008865,1,1,1.0
2016-3,E01008868,1,1,1.0
2016-3,E01008870,1,1,1.0
2016-3,E01008872,1,1,1.0
2016-3,E01008874,2,1,2.0
2016-3,E01008875,1,1,1.0
2016-3,E01008877,1,1,1.0
2016-3,E01008882,1,1,1.0
2016-3,E01008884,1,1,1.0
2016-3,E01008901,1,1,1.0
2016-3,E01008910,2,2,1.0
2016-3,E01008914,1,1,1.0
2016-3,E01008921,1,1,1.0
2016-3,E01008927,1,1,1.0
2016-3,E01008930,1,1,1.0
2016-3,E01008940,3,2,1.5
2016-3,E01008943,1,1,1.0
2016-3,E01008952,2,2,1.0
2016-3,E01008957,1,1,1.0
2016-3,E01008965,2,1,2.0
2016-3,E01008969,3,1,3.0
2016-3,E01008971,1,1,1.0
2016-3,E01008990,1,1,1.0
2016-3,E01008992,1,1,1.0
2016-3,E01009000,1,1,1.0
2016-3,E01009001,1,1,1.0
2016-3,E01009006,1,1,1.0
2016-3,E01009011,3,2,1.5
2016-3,E01009017,1,1,1.0
2016-3,E01009032,1,1,1.0
2016-3,E01009035,3,2,1.5
2016-3,E01009045,1,1,1.0
2016-3,E01009046,3,3,1.0
2016-3,E01009050,1,1,1.0
2016-3,E01009051,2,2,1.0
2016-3,E01009060,1,1,1.0
2016-3,E01009064,1,1,1.0
2016-3,E01009069,3,2,1.5
2016-3,E01009073,1,1,1.0
2016-3,E01009078,1,1,1.0
2016-3,E01009080,1,1,1.0
2016-3,E01009089,2,2,1.0
2016-3,E01009090,1,1,1.0
2016-3,E01009092,1,1,1.0
2016-3,E01009100,5,1,5.0
2016-3,E01009102,1,1,1.0
2016-3,E01009110,1,1,1.0
2016-3,E01009112,1,1,1.0
2016-3,E01009114,1,1,1.0
2016-3,E01009116,1,1,1.0
2016-3,E01009117,1,1,1.0
2016-3,E01009118,1,1,1.0
2016-3,E01009119,1,1,1.0
2016-3,E01009138,1,1,1.0
2016-3,E01009145,2,1,2.0
2016-3,E01009146,2,1,2.0
2016-3,E01009159,2,2,1.0
2016-3,E01009162,1,1,1.0
2016-3,E01009165,1,1,1.0
2016-3,E01009166,1,1,1.0
2016-3,E01009199,1,1,1.0
2016-3,E01009200,1,1,1.0
2016-3,E01009201,1,1,1.0
2016-3,E01009203,1,1,1.0
2016-3,E01009208,1,1,1.0
2016-3,E01009209,1,1,1.0
2016-3,E01009212,1,1,1.0
2016-3,E01009215,1,1,1.0
2016-3,E01009218,1,1,1.0
2016-3,E01009246,1,1,1.0
2016-3,E01009248,1,1,1.0
2016-3,E01009251,2,2,1.0
2016-3,E01009254,1,1,1.0
2016-3,E01009260,1,1,1.0
2016-3,E01009261,1,1,1.0
2016-3,E01009263,1,1,1.0
2016-3,E01009266,2,2,1.0
2016-3,E01009269,2,1,2.0
2016-3,E01009271,1,1,1.0
2016-3,E01009281,3,1,3.0
2016-3,E01009284,1,1,1.0
2016-3,E01009288,1,1,1.0
2016-3,E01009304,1,1,1.0
2016-3,E01009309,1,1,1.0
2016-3,E01009319,2,2,1.0
2016-3,E01009321,1,1,1.0
2016-3,E01009328,1,1,1.0
2016-3,E01009333,1,1,1.0
2016-3,E01009337,1,1,1.0
2016-3,E01009338,1,1,1.0
2016-3,E01009339,2,2,1.0
2016-3,E01009340,1,1,1.0
2016-3,E01009348,3,1,3.0
2016-3,E01009350,1,1,1.0
2016-3,E01009352,2,2,1.0
2016-3,E01009355,1,1,1.0
2016-3,E01009364,1,1,1.0
2016-3,E01009366,1,1,1.0
2016-3,E01009378,6,1,6.0
2016-3,E01009379,1,1,1.0
2016-3,E01009396,2,1,2.0
2016-3,E01009401,1,1,1.0
2016-3,E01009424,4,3,1.3333333333333333
2016-3,E01009427,1,1,1.0
2016-3,E01009441,1,1,1.0
2016-3,E01009446,2,1,2.0
2016-3,E01009449,4,1,4.0
2016-3,E01009450,2,2,1.0
2016-3,E01009469,1,1,1.0
2016-3,E01009471,1,1,1.0
2016-3,E01009473,1,1,1.0
2016-3,E01009483,2,1,2.0
2016-3,E01009485,2,1,2.0
2016-3,E01009497,1,1,1.0
2016-3,E01009501,1,1,1.0
2016-3,E01009505,1,1,1.0
2016-3,E01009518,1,1,1.0
2016-3,E01009520,3,2,1.5
2016-3,E01009521,1,1,1.0
2016-3,E01009529,1,1,1.0
2016-3,E01009535,1,1,1.0
2016-3,E01009575,1,1,1.0
2016-3,E01009577,2,2,1.0
2016-3,E01009594,1,1,1.0
2016-3,E01009610,1,1,1.0
2016-3,E01009625,1,1,1.0
2016-3,E01009636,1,1,1.0
2016-3,E01009651,1,1,1.0
2016-3,E01009669,1,1,1.0
2016-3,E01009671,1,1,1.0
2016-3,E01009679,1,1,1.0
2016-3,E01009690,1,1,1.0
2016-3,E01009691,1,1,1.0
2016-3,E01009696,1,1,1.0
2016-3,E01009697,1,1,1.0
2016-3,E01009698,2,2,1.0
2016-3,E01009699,1,1,1.0
2016-3,E01009702,1,1,1.0
2016-3,E01009703,1,1,1.0
2016-3,E01009704,1,1,1.0
2016-3,E01009705,1,1,1.0
2016-3,E01009710,2,2,1.0
2016-3,E01009727,1,1,1.0
2016-3,E01009750,1,1,1.0
2016-3,E01009760,1,1,1.0
2016-3,E01009780,1,1,1.0
2016-3,E01009792,1,1,1.0
2016-3,E01009798,1,1,1.0
2016-3,E01009803,2,2,1.0
2016-3,E01009804,2,1,2.0
2016-3,E01009805,1,1,1.0
2016-3,E01009807,1,1,1.0
2016-3,E01009809,1,1,1.0
2016-3,E01009815,1,1,1.0
2016-3,E01009831,1,1,1.0
2016-3,E01009834,1,1,1.0
2016-3,E01009836,1,1,1.0
2016-3,E01009837,1,1,1.0
2016-3,E01009838,1,1,1.0
2016-3,E01009843,1,1,1.0
2016-3,E01009844,1,1,1.0
2016-3,E01009856,1,1,1.0
2016-3,E01009863,1,1,1.0
2016-3,E01009865,1,1,1.0
2016-3,E01009867,2,1,2.0
2016-3,E01009878,3,1,3.0
2016-3,E01009881,1,1,1.0
2016-3,E01009887,1,1,1.0
2016-3,E01009893,1,1,1.0
2016-3,E01009895,1,1,1.0
2016-3,E01009897,1,1,1.0
2016-3,E01009898,1,1,1.0
2016-3,E01009906,1,1,1.0
2016-3,E01009907,2,1,2.0
2016-3,E01009928,2,2,1.0
2016-3,E01009943,1,1,1.0
2016-3,E01009953,4,4,1.0
2016-3,E01009954,1,1,1.0
2016-3,E01009958,1,1,1.0
2016-3,E01009967,1,1,1.0
2016-3,E01009969,2,2,1.0
2016-3,E01009971,4,2,2.0
2016-3,E01009972,1,1,1.0
2016-3,E01010002,1,1,1.0
2016-3,E01010003,1,1,1.0
2016-3,E01010004,1,1,1.0
2016-3,E01010011,1,1,1.0
2016-3,E01010019,5,2,2.5
2016-3,E01010030,1,1,1.0
2016-3,E01010033,1,1,1.0
2016-3,E01010040,1,1,1.0
2016-3,E01010047,1,1,1.0
2016-3,E01010053,1,1,1.0
2016-3,E01010058,1,1,1.0
2016-3,E01010068,1,1,1.0
2016-3,E01010080,2,2,1.0
2016-3,E01010084,1,1,1.0
2016-3,E01010100,1,1,1.0
2016-3,E01010102,3,2,1.5
2016-3,E01010103,1,1,1.0
2016-3,E01010109,3,2,1.5
2016-3,E01010119,1,1,1.0
2016-3,E01010127,1,1,1.0
2016-3,E01010130,2,2,1.0
2016-3,E01010152,1,1,1.0
2016-3,E01010153,1,1,1.0
2016-3,E01010158,1,1,1.0
2016-3,E01010162,1,1,1.0
2016-3,E01010164,2,1,2.0
2016-3,E01010165,1,1,1.0
2016-3,E01010166,1,1,1.0
2016-3,E01010167,2,1,2.0
2016-3,E01010169,1,1,1.0
2016-3,E01010180,2,1,2.0
2016-3,E01010181,1,1,1.0
2016-3,E01010183,2,2,1.0
2016-3,E01010188,1,1,1.0
2016-3,E01010189,9,7,1.2857142857142858
2016-3,E01010192,3,3,1.0
2016-3,E01010199,1,1,1.0
2016-3,E01010203,2,2,1.0
2016-3,E01010210,2,2,1.0
2016-3,E01010217,2,2,1.0
2016-3,E01010219,1,1,1.0
2016-3,E01010220,5,3,1.6666666666666667
2016-3,E01010221,1,1,1.0
2016-3,E01010227,2,2,1.0
2016-3,E01010234,1,1,1.0
2016-3,E01010238,1,1,1.0
2016-3,E01010241,4,2,2.0
2016-3,E01010247,1,1,1.0
2016-3,E01010249,2,2,1.0
2016-3,E01010250,1,1,1.0
2016-3,E01010252,1,1,1.0
2016-3,E01010253,2,2,1.0
2016-3,E01010254,1,1,1.0
2016-3,E01010255,14,2,7.0
2016-3,E01010264,1,1,1.0
2016-3,E01010294,1,1,1.0
2016-3,E01010296,1,1,1.0
2016-3,E01010303,1,1,1.0
2016-3,E01010304,1,1,1.0
2016-3,E01010306,1,1,1.0
2016-3,E01010328,1,1,1.0
2016-3,E01010337,1,1,1.0
2016-3,E01010341,1,1,1.0
2016-3,E01010342,1,1,1.0
2016-3,E01010356,1,1,1.0
2016-3,E01010362,1,1,1.0
2016-3,E01010365,1,1,1.0
2016-3,E01010369,1,1,1.0
2016-3,E01010370,2,1,2.0
2016-3,E01010379,1,1,1.0
2016-3,E01010388,1,1,1.0
2016-3,E01010391,1,1,1.0
2016-3,E01010392,1,1,1.0
2016-3,E01010394,1,1,1.0
2016-3,E01010400,1,1,1.0
2016-3,E01010406,2,1,2.0
2016-3,E01010408,1,1,1.0
2016-3,E01010410,2,1,2.0
2016-3,E01010446,1,1,1.0
2016-3,E01010448,1,1,1.0
2016-3,E01010449,2,2,1.0
2016-3,E01010459,1,1,1.0
2016-3,E01010462,2,1,2.0
2016-3,E01010463,1,1,1.0
2016-3,E01010466,1,1,1.0
2016-3,E01010474,1,1,1.0
2016-3,E01010491,1,1,1.0
2016-3,E01010511,1,1,1.0
2016-3,E01010521,2,2,1.0
2016-3,E01010525,3,1,3.0
2016-3,E01010529,1,1,1.0
2016-3,E01010530,3,1,3.0
2016-3,E01010547,2,2,1.0
2016-3,E01010552,2,1,2.0
2016-3,E01010553,1,1,1.0
2016-3,E01010554,2,1,2.0
2016-3,E01010563,1,1,1.0
2016-3,E01010571,2,1,2.0
2016-3,E01010572,1,1,1.0
2016-3,E01010573,3,2,1.5
2016-3,E01010577,3,1,3.0
2016-3,E01010578,4,2,2.0
2016-3,E01010580,1,1,1.0
2016-3,E01010581,1,1,1.0
2016-3,E01010590,2,1,2.0
2016-3,E01010591,1,1,1.0
2016-3,E01010594,1,1,1.0
2016-3,E01010595,1,1,1.0
2016-3,E01010608,1,1,1.0
2016-3,E01010611,2,2,1.0
2016-3,E01010613,2,1,2.0
2016-3,E01010623,1,1,1.0
2016-3,E01010630,2,2,1.0
2016-3,E01010631,4,1,4.0
2016-3,E01010632,1,1,1.0
2016-3,E01010634,1,1,1.0
2016-3,E01010644,1,1,1.0
2016-3,E01010672,1,1,1.0
2016-3,E01010674,1,1,1.0
2016-3,E01010684,1,1,1.0
2016-3,E01010693,1,1,1.0
2016-3,E01010695,1,1,1.0
2016-3,E01010703,1,1,1.0
2016-3,E01010704,1,1,1.0
2016-3,E01010709,1,1,1.0
2016-3,E01010722,2,1,2.0
2016-3,E01010729,3,1,3.0
2016-3,E01010750,1,1,1.0
2016-3,E01010752,1,1,1.0
2016-3,E01010764,2,1,2.0
2016-3,E01010766,1,1,1.0
2016-3,E01010776,1,1,1.0
2016-3,E01010797,3,1,3.0
2016-3,E01010798,2,2,1.0
2016-3,E01010799,1,1,1.0
2016-3,E01010800,1,1,1.0
2016-3,E01010802,1,1,1.0
2016-3,E01010813,1,1,1.0
2016-3,E01010834,1,1,1.0
2016-3,E01010853,1,1,1.0
2016-3,E01010857,2,2,1.0
2016-3,E01010860,5,2,2.5
2016-3,E01010861,1,1,1.0
2016-3,E01010870,1,1,1.0
2016-3,E01010883,1,1,1.0
2016-3,E01010885,1,1,1.0
2016-3,E01010890,1,1,1.0
2016-3,E01010891,1,1,1.0
2016-3,E01010896,2,2,1.0
2016-3,E01010898,1,1,1.0
2016-3,E01010901,1,1,1.0
2016-3,E01010902,1,1,1.0
2016-3,E01010903,2,1,2.0
2016-3,E01010905,1,1,1.0
2016-3,E01010917,3,1,3.0
2016-3,E01010918,2,2,1.0
2016-3,E01010919,4,1,4.0
2016-3,E01010921,1,1,1.0
2016-3,E01010922,2,1,2.0
2016-3,E01010923,3,1,3.0
2016-3,E01010930,1,1,1.0
2016-3,E01010931,2,1,2.0
2016-3,E01010932,1,1,1.0
2016-3,E01010933,1,1,1.0
2016-3,E01010936,3,2,1.5
2016-3,E01010941,1,1,1.0
2016-3,E01010944,2,1,2.0
2016-3,E01010955,1,1,1.0
2016-3,E01010970,1,1,1.0
2016-3,E01010972,1,1,1.0
2016-3,E01010973,1,1,1.0
2016-3,E01010983,1,1,1.0
2016-3,E01010985,1,1,1.0
2016-3,E01010987,1,1,1.0
2016-3,E01011000,1,1,1.0
2016-3,E01011010,1,1,1.0
2016-3,E01011015,1,1,1.0
2016-3,E01011017,1,1,1.0
2016-3,E01011019,2,2,1.0
2016-3,E01011020,1,1,1.0
2016-3,E01011025,1,1,1.0
2016-3,E01011031,1,1,1.0
2016-3,E01011041,1,1,1.0
2016-3,E01011043,1,1,1.0
2016-3,E01011047,1,1,1.0
2016-3,E01011063,1,1,1.0
2016-3,E01011071,2,2,1.0
2016-3,E01011074,1,1,1.0
2016-3,E01011075,5,1,5.0
2016-3,E01011078,4,2,2.0
2016-3,E01011083,1,1,1.0
2016-3,E01011086,1,1,1.0
2016-3,E01011093,1,1,1.0
2016-3,E01011107,1,1,1.0
2016-3,E01011115,1,1,1.0
2016-3,E01011119,3,2,1.5
2016-3,E01011120,1,1,1.0
2016-3,E01011127,1,1,1.0
2016-3,E01011132,1,1,1.0
2016-3,E01011142,1,1,1.0
2016-3,E01011150,1,1,1.0
2016-3,E01011151,2,1,2.0
2016-3,E01011157,1,1,1.0
2016-3,E01011170,1,1,1.0
2016-3,E01011171,1,1,1.0
2016-3,E01011174,1,1,1.0
2016-3,E01011176,1,1,1.0
2016-3,E01011181,5,1,5.0
2016-3,E01011184,1,1,1.0
2016-3,E01011187,1,1,1.0
2016-3,E01011188,1,1,1.0
2016-3,E01011192,1,1,1.0
2016-3,E01011199,1,1,1.0
2016-3,E01011201,1,1,1.0
2016-3,E01011204,2,2,1.0
2016-3,E01011205,1,1,1.0
2016-3,E01011206,1,1,1.0
2016-3,E01011208,1,1,1.0
2016-3,E01011209,1,1,1.0
2016-3,E01011210,2,2,1.0
2016-3,E01011211,1,1,1.0
2016-3,E01011215,2,2,1.0
2016-3,E01011220,2,1,2.0
2016-3,E01011236,1,1,1.0
2016-3,E01011238,1,1,1.0
2016-3,E01011239,2,2,1.0
2016-3,E01011263,2,1,2.0
2016-3,E01011276,1,1,1.0
2016-3,E01011277,1,1,1.0
2016-3,E01011294,1,1,1.0
2016-3,E01011295,1,1,1.0
2016-3,E01011297,1,1,1.0
2016-3,E01011301,1,1,1.0
2016-3,E01011304,1,1,1.0
2016-3,E01011305,2,1,2.0
2016-3,E01011309,1,1,1.0
2016-3,E01011315,1,1,1.0
2016-3,E01011320,1,1,1.0
2016-3,E01011334,1,1,1.0
2016-3,E01011335,1,1,1.0
2016-3,E01011343,1,1,1.0
2016-3,E01011346,1,1,1.0
2016-3,E01011352,2,1,2.0
2016-3,E01011353,1,1,1.0
2016-3,E01011372,1,1,1.0
2016-3,E01011390,1,1,1.0
2016-3,E01011392,1,1,1.0
2016-3,E01011402,1,1,1.0
2016-3,E01011408,1,1,1.0
2016-3,E01011411,1,1,1.0
2016-3,E01011420,1,1,1.0
2016-3,E01011428,1,1,1.0
2016-3,E01011457,3,2,1.5
2016-3,E01011458,1,1,1.0
2016-3,E01011459,1,1,1.0
2016-3,E01011464,1,1,1.0
2016-3,E01011482,1,1,1.0
2016-3,E01011494,1,1,1.0
2016-3,E01011515,1,1,1.0
2016-3,E01011518,1,1,1.0
2016-3,E01011525,1,1,1.0
2016-3,E01011530,1,1,1.0
2016-3,E01011532,1,1,1.0
2016-3,E01011540,1,1,1.0
2016-3,E01011554,1,1,1.0
2016-3,E01011556,1,1,1.0
2016-3,E01011557,2,1,2.0
2016-3,E01011559,3,1,3.0
2016-3,E01011564,1,1,1.0
2016-3,E01011591,1,1,1.0
2016-3,E01011596,1,1,1.0
2016-3,E01011597,1,1,1.0
2016-3,E01011598,2,2,1.0
2016-3,E01011603,1,1,1.0
2016-3,E01011604,3,2,1.5
2016-3,E01011607,1,1,1.0
2016-3,E01011608,1,1,1.0
2016-3,E01011612,1,1,1.0
2016-3,E01011621,1,1,1.0
2016-3,E01011622,3,2,1.5
2016-3,E01011627,1,1,1.0
2016-3,E01011644,1,1,1.0
2016-3,E01011646,2,1,2.0
2016-3,E01011650,1,1,1.0
2016-3,E01011651,1,1,1.0
2016-3,E01011655,1,1,1.0
2016-3,E01011663,1,1,1.0
2016-3,E01011665,1,1,1.0
2016-3,E01011667,1,1,1.0
2016-3,E01011671,4,1,4.0
2016-3,E01011673,1,1,1.0
2016-3,E01011686,1,1,1.0
2016-3,E01011694,1,1,1.0
2016-3,E01011695,1,1,1.0
2016-3,E01011697,1,1,1.0
2016-3,E01011700,1,1,1.0
2016-3,E01011702,1,1,1.0
2016-3,E01011704,4,4,1.0
2016-3,E01011712,1,1,1.0
2016-3,E01011715,1,1,1.0
2016-3,E01011732,2,1,2.0
2016-3,E01011739,2,1,2.0
2016-3,E01011743,1,1,1.0
2016-3,E01011759,1,1,1.0
2016-3,E01011772,1,1,1.0
2016-3,E01011785,1,1,1.0
2016-3,E01011787,1,1,1.0
2016-3,E01011808,2,1,2.0
2016-3,E01011824,1,1,1.0
2016-3,E01011829,1,1,1.0
2016-3,E01011833,1,1,1.0
2016-3,E01011846,1,1,1.0
2016-3,E01011849,1,1,1.0
2016-3,E01011857,1,1,1.0
2016-3,E01011858,2,2,1.0
2016-3,E01011860,1,1,1.0
2016-3,E01011865,1,1,1.0
2016-3,E01011872,1,1,1.0
2016-3,E01011881,1,1,1.0
2016-3,E01011890,1,1,1.0
2016-3,E01011891,1,1,1.0
2016-3,E01011898,1,1,1.0
2016-3,E01011919,1,1,1.0
2016-3,E01011920,1,1,1.0
2016-3,E01011959,2,1,2.0
2016-3,E01011968,3,2,1.5
2016-3,E01011992,6,2,3.0
2016-3,E01011993,2,2,1.0
2016-3,E01011999,1,1,1.0
2016-3,E01012000,1,1,1.0
2016-3,E01012003,1,1,1.0
2016-3,E01012020,1,1,1.0
2016-3,E01012025,2,2,1.0
2016-3,E01012030,2,1,2.0
2016-3,E01012032,1,1,1.0
2016-3,E01012035,1,1,1.0
2016-3,E01012039,1,1,1.0
2016-3,E01012055,1,1,1.0
2016-3,E01012061,2,1,2.0
2016-3,E01012062,1,1,1.0
2016-3,E01012064,1,1,1.0
2016-3,E01012067,1,1,1.0
2016-3,E01012071,3,2,1.5
2016-3,E01012073,5,1,5.0
2016-3,E01012083,1,1,1.0
2016-3,E01012084,3,2,1.5
2016-3,E01012094,1,1,1.0
2016-3,E01012096,1,1,1.0
2016-3,E01012102,1,1,1.0
2016-3,E01012106,1,1,1.0
2016-3,E01012109,1,1,1.0
2016-3,E01012118,1,1,1.0
2016-3,E01012124,1,1,1.0
2016-3,E01012132,1,1,1.0
2016-3,E01012136,1,1,1.0
2016-3,E01012139,1,1,1.0
2016-3,E01012147,1,1,1.0
2016-3,E01012155,1,1,1.0
2016-3,E01012156,2,1,2.0
2016-3,E01012157,1,1,1.0
2016-3,E01012194,2,1,2.0
2016-3,E01012200,2,2,1.0
2016-3,E01012208,1,1,1.0
2016-3,E01012214,1,1,1.0
2016-3,E01012216,1,1,1.0
2016-3,E01012223,1,1,1.0
2016-3,E01012228,1,1,1.0
2016-3,E01012235,18,3,6.0
2016-3,E01012239,2,2,1.0
2016-3,E01012241,2,2,1.0
2016-3,E01012242,2,2,1.0
2016-3,E01012248,1,1,1.0
2016-3,E01012262,1,1,1.0
2016-3,E01012266,1,1,1.0
2016-3,E01012268,1,1,1.0
2016-3,E01012269,2,2,1.0
2016-3,E01012275,2,2,1.0
2016-3,E01012282,2,1,2.0
2016-3,E01012283,2,2,1.0
2016-3,E01012284,1,1,1.0
2016-3,E01012287,1,1,1.0
2016-3,E01012290,1,1,1.0
2016-3,E01012292,2,2,1.0
2016-3,E01012299,1,1,1.0
2016-3,E01012300,1,1,1.0
2016-3,E01012304,1,1,1.0
2016-3,E01012307,1,1,1.0
2016-3,E01012316,1,1,1.0
2016-3,E01012329,1,1,1.0
2016-3,E01012335,1,1,1.0
2016-3,E01012338,2,1,2.0
2016-3,E01012349,1,1,1.0
2016-3,E01012352,2,1,2.0
2016-3,E01012357,2,1,2.0
2016-3,E01012360,1,1,1.0
2016-3,E01012366,6,2,3.0
2016-3,E01012367,1,1,1.0
2016-3,E01012384,2,1,2.0
2016-3,E01012385,3,2,1.5
2016-3,E01012386,1,1,1.0
2016-3,E01012388,4,3,1.3333333333333333
2016-3,E01012406,1,1,1.0
2016-3,E01012411,1,1,1.0
2016-3,E01012430,1,1,1.0
2016-3,E01012431,2,1,2.0
2016-3,E01012432,2,1,2.0
2016-3,E01012435,1,1,1.0
2016-3,E01012441,1,1,1.0
2016-3,E01012457,2,1,2.0
2016-3,E01012462,1,1,1.0
2016-3,E01012465,1,1,1.0
2016-3,E01012471,1,1,1.0
2016-3,E01012476,1,1,1.0
2016-3,E01012477,1,1,1.0
2016-3,E01012496,1,1,1.0
2016-3,E01012502,1,1,1.0
2016-3,E01012507,1,1,1.0
2016-3,E01012516,3,3,1.0
2016-3,E01012520,1,1,1.0
2016-3,E01012523,1,1,1.0
2016-3,E01012528,2,2,1.0
2016-3,E01012529,1,1,1.0
2016-3,E01012554,2,2,1.0
2016-3,E01012564,1,1,1.0
2016-3,E01012565,1,1,1.0
2016-3,E01012567,1,1,1.0
2016-3,E01012568,1,1,1.0
2016-3,E01012578,2,2,1.0
2016-3,E01012584,3,1,3.0
2016-3,E01012589,1,1,1.0
2016-3,E01012591,1,1,1.0
2016-3,E01012592,1,1,1.0
2016-3,E01012593,1,1,1.0
2016-3,E01012595,1,1,1.0
2016-3,E01012596,1,1,1.0
2016-3,E01012605,1,1,1.0
2016-3,E01012607,1,1,1.0
2016-3,E01012610,1,1,1.0
2016-3,E01012611,2,2,1.0
2016-3,E01012612,1,1,1.0
2016-3,E01012615,2,1,2.0
2016-3,E01012618,1,1,1.0
2016-3,E01012619,1,1,1.0
2016-3,E01012620,1,1,1.0
2016-3,E01012624,1,1,1.0
2016-3,E01012625,1,1,1.0
2016-3,E01012628,3,2,1.5
2016-3,E01012629,2,1,2.0
2016-3,E01012634,2,2,1.0
2016-3,E01012636,2,1,2.0
2016-3,E01012642,1,1,1.0
2016-3,E01012643,1,1,1.0
2016-3,E01012654,1,1,1.0
2016-3,E01012658,1,1,1.0
2016-3,E01012663,1,1,1.0
2016-3,E01012666,1,1,1.0
2016-3,E01012674,1,1,1.0
2016-3,E01012679,1,1,1.0
2016-3,E01012683,1,1,1.0
2016-3,E01012687,1,1,1.0
2016-3,E01012691,1,1,1.0
2016-3,E01012692,1,1,1.0
2016-3,E01012693,1,1,1.0
2016-3,E01012701,1,1,1.0
2016-3,E01012705,1,1,1.0
2016-3,E01012708,1,1,1.0
2016-3,E01012716,1,1,1.0
2016-3,E01012717,1,1,1.0
2016-3,E01012745,1,1,1.0
2016-3,E01012749,1,1,1.0
2016-3,E01012754,2,1,2.0
2016-3,E01012755,1,1,1.0
2016-3,E01012757,2,1,2.0
2016-3,E01012761,4,2,2.0
2016-3,E01012766,6,1,6.0
2016-3,E01012767,3,1,3.0
2016-3,E01012768,1,1,1.0
2016-3,E01012772,6,2,3.0
2016-3,E01012774,2,1,2.0
2016-3,E01012775,2,2,1.0
2016-3,E01012776,2,2,1.0
2016-3,E01012777,2,1,2.0
2016-3,E01012780,3,1,3.0
2016-3,E01012782,1,1,1.0
2016-3,E01012783,1,1,1.0
2016-3,E01012785,2,2,1.0
2016-3,E01012786,5,2,2.5
2016-3,E01012788,2,1,2.0
2016-3,E01012789,1,1,1.0
2016-3,E01012790,1,1,1.0
2016-3,E01012794,1,1,1.0
2016-3,E01012797,1,1,1.0
2016-3,E01012808,1,1,1.0
2016-3,E01012809,1,1,1.0
2016-3,E01012810,1,1,1.0
2016-3,E01012811,2,1,2.0
2016-3,E01012812,1,1,1.0
2016-3,E01012813,2,2,1.0
2016-3,E01012816,1,1,1.0
2016-3,E01012817,7,1,7.0
2016-3,E01012829,5,3,1.6666666666666667
2016-3,E01012830,1,1,1.0
2016-3,E01012832,1,1,1.0
2016-3,E01012848,5,1,5.0
2016-3,E01012850,1,1,1.0
2016-3,E01012851,6,1,6.0
2016-3,E01012852,1,1,1.0
2016-3,E01012854,2,1,2.0
2016-3,E01012855,3,1,3.0
2016-3,E01012856,1,1,1.0
2016-3,E01012857,5,2,2.5
2016-3,E01012867,4,1,4.0
2016-3,E01012868,2,1,2.0
2016-3,E01012869,6,1,6.0
2016-3,E01012870,2,1,2.0
2016-3,E01012871,4,1,4.0
2016-3,E01012874,3,1,3.0
2016-3,E01012877,2,1,2.0
2016-3,E01012878,1,1,1.0
2016-3,E01012879,3,1,3.0
2016-3,E01012880,1,1,1.0
2016-3,E01012882,3,2,1.5
2016-3,E01012889,5,1,5.0
2016-3,E01012893,1,1,1.0
2016-3,E01012906,1,1,1.0
2016-3,E01012910,1,1,1.0
2016-3,E01012913,1,1,1.0
2016-3,E01012914,2,1,2.0
2016-3,E01012916,2,2,1.0
2016-3,E01012917,1,1,1.0
2016-3,E01012919,2,2,1.0
2016-3,E01012922,3,2,1.5
2016-3,E01012923,1,1,1.0
2016-3,E01012924,2,1,2.0
2016-3,E01012925,1,1,1.0
2016-3,E01012926,2,1,2.0
2016-3,E01012929,1,1,1.0
2016-3,E01012932,1,1,1.0
2016-3,E01012933,2,1,2.0
2016-3,E01012935,1,1,1.0
2016-3,E01012938,1,1,1.0
2016-3,E01012944,1,1,1.0
2016-3,E01012946,1,1,1.0
2016-3,E01012953,1,1,1.0
2016-3,E01012954,13,1,13.0
2016-3,E01012955,4,1,4.0
2016-3,E01012956,5,1,5.0
2016-3,E01012958,8,1,8.0
2016-3,E01012960,6,1,6.0
2016-3,E01012961,10,1,10.0
2016-3,E01012962,5,1,5.0
2016-3,E01012963,7,1,7.0
2016-3,E01012964,2,2,1.0
2016-3,E01012965,1,1,1.0
2016-3,E01012966,2,1,2.0
2016-3,E01012967,1,1,1.0
2016-3,E01012968,1,1,1.0
2016-3,E01012970,1,1,1.0
2016-3,E01012973,1,1,1.0
2016-3,E01012978,1,1,1.0
2016-3,E01012981,5,3,1.6666666666666667
2016-3,E01012982,1,1,1.0
2016-3,E01012983,1,1,1.0
2016-3,E01012984,2,1,2.0
2016-3,E01012989,1,1,1.0
2016-3,E01012990,1,1,1.0
2016-3,E01013005,5,1,5.0
2016-3,E01013006,1,1,1.0
2016-3,E01013009,3,1,3.0
2016-3,E01013016,1,1,1.0
2016-3,E01013019,1,1,1.0
2016-3,E01013020,1,1,1.0
2016-3,E01013022,2,1,2.0
2016-3,E01013029,1,1,1.0
2016-3,E01013040,1,1,1.0
2016-3,E01013044,1,1,1.0
2016-3,E01013047,2,2,1.0
2016-3,E01013048,1,1,1.0
2016-3,E01013049,3,2,1.5
2016-3,E01013050,2,2,1.0
2016-3,E01013051,2,1,2.0
2016-3,E01013057,1,1,1.0
2016-3,E01013062,1,1,1.0
2016-3,E01013065,1,1,1.0
2016-3,E01013066,1,1,1.0
2016-3,E01013068,2,2,1.0
2016-3,E01013071,1,1,1.0
2016-3,E01013073,2,1,2.0
2016-3,E01013075,1,1,1.0
2016-3,E01013079,1,1,1.0
2016-3,E01013080,1,1,1.0
2016-3,E01013086,1,1,1.0
2016-3,E01013088,3,2,1.5
2016-3,E01013093,1,1,1.0
2016-3,E01013096,3,3,1.0
2016-3,E01013098,1,1,1.0
2016-3,E01013100,1,1,1.0
2016-3,E01013106,3,1,3.0
2016-3,E01013107,2,1,2.0
2016-3,E01013108,1,1,1.0
2016-3,E01013113,5,1,5.0
2016-3,E01013114,2,1,2.0
2016-3,E01013116,1,1,1.0
2016-3,E01013118,1,1,1.0
2016-3,E01013120,2,1,2.0
2016-3,E01013122,1,1,1.0
2016-3,E01013125,2,2,1.0
2016-3,E01013127,2,1,2.0
2016-3,E01013130,1,1,1.0
2016-3,E01013146,1,1,1.0
2016-3,E01013161,1,1,1.0
2016-3,E01013166,1,1,1.0
2016-3,E01013167,2,2,1.0
2016-3,E01013174,1,1,1.0
2016-3,E01013212,1,1,1.0
2016-3,E01013214,1,1,1.0
2016-3,E01013223,2,2,1.0
2016-3,E01013225,1,1,1.0
2016-3,E01013226,2,1,2.0
2016-3,E01013239,2,2,1.0
2016-3,E01013242,1,1,1.0
2016-3,E01013243,1,1,1.0
2016-3,E01013256,5,1,5.0
2016-3,E01013257,5,1,5.0
2016-3,E01013258,1,1,1.0
2016-3,E01013268,1,1,1.0
2016-3,E01013269,1,1,1.0
2016-3,E01013270,2,1,2.0
2016-3,E01013272,8,1,8.0
2016-3,E01013274,1,1,1.0
2016-3,E01013286,2,1,2.0
2016-3,E01013287,1,1,1.0
2016-3,E01013288,1,1,1.0
2016-3,E01013292,1,1,1.0
2016-3,E01013294,2,1,2.0
2016-3,E01013297,1,1,1.0
2016-3,E01013302,2,1,2.0
2016-3,E01013309,1,1,1.0
2016-3,E01013319,1,1,1.0
2016-3,E01013322,2,1,2.0
2016-3,E01013351,5,3,1.6666666666666667
2016-3,E01013355,1,1,1.0
2016-3,E01013360,1,1,1.0
2016-3,E01013366,2,2,1.0
2016-3,E01013374,1,1,1.0
2016-3,E01013381,1,1,1.0
2016-3,E01013383,1,1,1.0
2016-3,E01013385,1,1,1.0
2016-3,E01013402,1,1,1.0
2016-3,E01013409,1,1,1.0
2016-3,E01013410,1,1,1.0
2016-3,E01013414,1,1,1.0
2016-3,E01013421,3,3,1.0
2016-3,E01013423,1,1,1.0
2016-3,E01013431,5,1,5.0
2016-3,E01013441,1,1,1.0
2016-3,E01013451,2,2,1.0
2016-3,E01013465,1,1,1.0
2016-3,E01013466,1,1,1.0
2016-3,E01013470,1,1,1.0
2016-3,E01013476,2,2,1.0
2016-3,E01013483,1,1,1.0
2016-3,E01013495,1,1,1.0
2016-3,E01013499,2,1,2.0
2016-3,E01013500,1,1,1.0
2016-3,E01013502,1,1,1.0
2016-3,E01013504,1,1,1.0
2016-3,E01013509,1,1,1.0
2016-3,E01013519,1,1,1.0
2016-3,E01013523,2,1,2.0
2016-3,E01013529,1,1,1.0
2016-3,E01013540,1,1,1.0
2016-3,E01013571,1,1,1.0
2016-3,E01013572,1,1,1.0
2016-3,E01013574,1,1,1.0
2016-3,E01013603,1,1,1.0
2016-3,E01013607,2,2,1.0
2016-3,E01013610,1,1,1.0
2016-3,E01013615,2,1,2.0
2016-3,E01013617,2,1,2.0
2016-3,E01013619,1,1,1.0
2016-3,E01013634,1,1,1.0
2016-3,E01013654,1,1,1.0
2016-3,E01013670,1,1,1.0
2016-3,E01013690,2,2,1.0
2016-3,E01013695,1,1,1.0
2016-3,E01013696,1,1,1.0
2016-3,E01013705,2,1,2.0
2016-3,E01013709,2,2,1.0
2016-3,E01013710,1,1,1.0
2016-3,E01013713,1,1,1.0
2016-3,E01013733,1,1,1.0
2016-3,E01013746,1,1,1.0
2016-3,E01013759,1,1,1.0
2016-3,E01013766,1,1,1.0
2016-3,E01013781,1,1,1.0
2016-3,E01013783,1,1,1.0
2016-3,E01013785,1,1,1.0
2016-3,E01013799,1,1,1.0
2016-3,E01013801,1,1,1.0
2016-3,E01013803,1,1,1.0
2016-3,E01013809,1,1,1.0
2016-3,E01013816,1,1,1.0
2016-3,E01013821,1,1,1.0
2016-3,E01013827,1,1,1.0
2016-3,E01013833,3,1,3.0
2016-3,E01013837,1,1,1.0
2016-3,E01013859,1,1,1.0
2016-3,E01013867,1,1,1.0
2016-3,E01013871,1,1,1.0
2016-3,E01013879,1,1,1.0
2016-3,E01013902,1,1,1.0
2016-3,E01013912,1,1,1.0
2016-3,E01013920,2,2,1.0
2016-3,E01013928,2,2,1.0
2016-3,E01013929,1,1,1.0
2016-3,E01013935,1,1,1.0
2016-3,E01013936,2,2,1.0
2016-3,E01013964,2,2,1.0
2016-3,E01013967,2,1,2.0
2016-3,E01013974,2,1,2.0
2016-3,E01013978,3,1,3.0
2016-3,E01013994,1,1,1.0
2016-3,E01014015,1,1,1.0
2016-3,E01014017,1,1,1.0
2016-3,E01014020,1,1,1.0
2016-3,E01014028,1,1,1.0
2016-3,E01014029,3,2,1.5
2016-3,E01014031,1,1,1.0
2016-3,E01014032,3,2,1.5
2016-3,E01014033,1,1,1.0
2016-3,E01014038,1,1,1.0
2016-3,E01014044,1,1,1.0
2016-3,E01014049,1,1,1.0
2016-3,E01014050,1,1,1.0
2016-3,E01014051,1,1,1.0
2016-3,E01014053,3,2,1.5
2016-3,E01014054,1,1,1.0
2016-3,E01014055,1,1,1.0
2016-3,E01014056,2,1,2.0
2016-3,E01014058,4,3,1.3333333333333333
2016-3,E01014061,1,1,1.0
2016-3,E01014064,1,1,1.0
2016-3,E01014079,2,1,2.0
2016-3,E01014092,1,1,1.0
2016-3,E01014093,2,1,2.0
2016-3,E01014102,1,1,1.0
2016-3,E01014112,1,1,1.0
2016-3,E01014131,1,1,1.0
2016-3,E01014140,1,1,1.0
2016-3,E01014147,7,5,1.4
2016-3,E01014154,1,1,1.0
2016-3,E01014156,1,1,1.0
2016-3,E01014171,1,1,1.0
2016-3,E01014178,1,1,1.0
2016-3,E01014191,1,1,1.0
2016-3,E01014209,3,1,3.0
2016-3,E01014240,2,1,2.0
2016-3,E01014243,3,2,1.5
2016-3,E01014252,1,1,1.0
2016-3,E01014255,1,1,1.0
2016-3,E01014258,1,1,1.0
2016-3,E01014268,2,2,1.0
2016-3,E01014281,1,1,1.0
2016-3,E01014285,1,1,1.0
2016-3,E01014287,1,1,1.0
2016-3,E01014289,2,2,1.0
2016-3,E01014291,1,1,1.0
2016-3,E01014294,1,1,1.0
2016-3,E01014297,1,1,1.0
2016-3,E01014298,2,1,2.0
2016-3,E01014299,1,1,1.0
2016-3,E01014302,1,1,1.0
2016-3,E01014306,1,1,1.0
2016-3,E01014322,1,1,1.0
2016-3,E01014329,1,1,1.0
2016-3,E01014331,2,2,1.0
2016-3,E01014332,1,1,1.0
2016-3,E01014342,1,1,1.0
2016-3,E01014346,1,1,1.0
2016-3,E01014352,1,1,1.0
2016-3,E01014354,1,1,1.0
2016-3,E01014356,2,2,1.0
2016-3,E01014357,1,1,1.0
2016-3,E01014358,1,1,1.0
2016-3,E01014361,1,1,1.0
2016-3,E01014367,1,1,1.0
2016-3,E01014375,1,1,1.0
2016-3,E01014382,1,1,1.0
2016-3,E01014387,1,1,1.0
2016-3,E01014388,4,1,4.0
2016-3,E01014389,3,1,3.0
2016-3,E01014392,1,1,1.0
2016-3,E01014394,1,1,1.0
2016-3,E01014397,1,1,1.0
2016-3,E01014399,4,2,2.0
2016-3,E01014413,1,1,1.0
2016-3,E01014427,1,1,1.0
2016-3,E01014446,1,1,1.0
2016-3,E01014448,1,1,1.0
2016-3,E01014449,1,1,1.0
2016-3,E01014450,1,1,1.0
2016-3,E01014454,1,1,1.0
2016-3,E01014478,1,1,1.0
2016-3,E01014481,1,1,1.0
2016-3,E01014482,1,1,1.0
2016-3,E01014485,1,1,1.0
2016-3,E01014486,2,2,1.0
2016-3,E01014487,4,1,4.0
2016-3,E01014488,14,6,2.3333333333333335
2016-3,E01014489,13,9,1.4444444444444444
2016-3,E01014491,2,2,1.0
2016-3,E01014496,1,1,1.0
2016-3,E01014497,2,1,2.0
2016-3,E01014498,1,1,1.0
2016-3,E01014501,2,2,1.0
2016-3,E01014506,1,1,1.0
2016-3,E01014509,2,2,1.0
2016-3,E01014512,1,1,1.0
2016-3,E01014523,2,2,1.0
2016-3,E01014526,1,1,1.0
2016-3,E01014527,1,1,1.0
2016-3,E01014529,2,2,1.0
2016-3,E01014531,1,1,1.0
2016-3,E01014534,2,2,1.0
2016-3,E01014538,1,1,1.0
2016-3,E01014540,4,4,1.0
2016-3,E01014542,3,2,1.5
2016-3,E01014553,1,1,1.0
2016-3,E01014555,1,1,1.0
2016-3,E01014558,1,1,1.0
2016-3,E01014559,1,1,1.0
2016-3,E01014560,1,1,1.0
2016-3,E01014563,1,1,1.0
2016-3,E01014564,2,1,2.0
2016-3,E01014565,1,1,1.0
2016-3,E01014568,3,1,3.0
2016-3,E01014570,3,3,1.0
2016-3,E01014572,2,2,1.0
2016-3,E01014573,1,1,1.0
2016-3,E01014574,3,2,1.5
2016-3,E01014575,1,1,1.0
2016-3,E01014584,1,1,1.0
2016-3,E01014585,1,1,1.0
2016-3,E01014587,1,1,1.0
2016-3,E01014588,2,1,2.0
2016-3,E01014590,1,1,1.0
2016-3,E01014597,1,1,1.0
2016-3,E01014611,1,1,1.0
2016-3,E01014614,1,1,1.0
2016-3,E01014616,1,1,1.0
2016-3,E01014619,1,1,1.0
2016-3,E01014630,2,1,2.0
2016-3,E01014633,1,1,1.0
2016-3,E01014635,1,1,1.0
2016-3,E01014638,1,1,1.0
2016-3,E01014648,1,1,1.0
2016-3,E01014649,1,1,1.0
2016-3,E01014650,2,1,2.0
2016-3,E01014653,1,1,1.0
2016-3,E01014655,1,1,1.0
2016-3,E01014664,1,1,1.0
2016-3,E01014669,1,1,1.0
2016-3,E01014671,2,2,1.0
2016-3,E01014674,1,1,1.0
2016-3,E01014675,1,1,1.0
2016-3,E01014681,4,2,2.0
2016-3,E01014682,1,1,1.0
2016-3,E01014683,3,3,1.0
2016-3,E01014684,1,1,1.0
2016-3,E01014686,2,2,1.0
2016-3,E01014687,1,1,1.0
2016-3,E01014698,1,1,1.0
2016-3,E01014714,2,1,2.0
2016-3,E01014719,2,1,2.0
2016-3,E01014730,6,5,1.2
2016-3,E01014732,1,1,1.0
2016-3,E01014734,1,1,1.0
2016-3,E01014736,1,1,1.0
2016-3,E01014737,2,1,2.0
2016-3,E01014740,1,1,1.0
2016-3,E01014742,1,1,1.0
2016-3,E01014753,1,1,1.0
2016-3,E01014766,1,1,1.0
2016-3,E01014776,3,1,3.0
2016-3,E01014780,1,1,1.0
2016-3,E01014789,1,1,1.0
2016-3,E01014796,1,1,1.0
2016-3,E01014799,1,1,1.0
2016-3,E01014817,1,1,1.0
2016-3,E01014821,1,1,1.0
2016-3,E01014823,1,1,1.0
2016-3,E01014841,1,1,1.0
2016-3,E01014844,2,1,2.0
2016-3,E01014854,1,1,1.0
2016-3,E01014856,1,1,1.0
2016-3,E01014862,1,1,1.0
2016-3,E01014867,2,2,1.0
2016-3,E01014868,2,2,1.0
2016-3,E01014870,3,1,3.0
2016-3,E01014873,1,1,1.0
2016-3,E01014886,3,1,3.0
2016-3,E01014888,1,1,1.0
2016-3,E01014891,11,5,2.2
2016-3,E01014897,1,1,1.0
2016-3,E01014910,1,1,1.0
2016-3,E01014911,2,2,1.0
2016-3,E01014912,1,1,1.0
2016-3,E01014921,1,1,1.0
2016-3,E01014929,1,1,1.0
2016-3,E01014938,3,3,1.0
2016-3,E01014952,1,1,1.0
2016-3,E01014953,2,2,1.0
2016-3,E01014967,1,1,1.0
2016-3,E01014980,1,1,1.0
2016-3,E01014981,2,2,1.0
2016-3,E01014983,2,1,2.0
2016-3,E01014993,1,1,1.0
2016-3,E01014994,1,1,1.0
2016-3,E01014996,1,1,1.0
2016-3,E01014999,2,1,2.0
2016-3,E01015004,3,1,3.0
2016-3,E01015005,1,1,1.0
2016-3,E01015007,2,1,2.0
2016-3,E01015008,1,1,1.0
2016-3,E01015009,1,1,1.0
2016-3,E01015012,1,1,1.0
2016-3,E01015014,1,1,1.0
2016-3,E01015015,1,1,1.0
2016-3,E01015019,1,1,1.0
2016-3,E01015022,1,1,1.0
2016-3,E01015025,5,5,1.0
2016-3,E01015029,2,2,1.0
2016-3,E01015030,2,1,2.0
2016-3,E01015032,1,1,1.0
2016-3,E01015035,1,1,1.0
2016-3,E01015044,1,1,1.0
2016-3,E01015051,1,1,1.0
2016-3,E01015069,1,1,1.0
2016-3,E01015070,1,1,1.0
2016-3,E01015072,1,1,1.0
2016-3,E01015092,5,5,1.0
2016-3,E01015102,1,1,1.0
2016-3,E01015103,1,1,1.0
2016-3,E01015105,1,1,1.0
2016-3,E01015115,1,1,1.0
2016-3,E01015118,1,1,1.0
2016-3,E01015126,3,2,1.5
2016-3,E01015138,3,2,1.5
2016-3,E01015147,1,1,1.0
2016-3,E01015156,1,1,1.0
2016-3,E01015159,2,2,1.0
2016-3,E01015171,3,2,1.5
2016-3,E01015172,1,1,1.0
2016-3,E01015187,1,1,1.0
2016-3,E01015188,2,1,2.0
2016-3,E01015189,1,1,1.0
2016-3,E01015190,1,1,1.0
2016-3,E01015193,1,1,1.0
2016-3,E01015194,1,1,1.0
2016-3,E01015197,1,1,1.0
2016-3,E01015204,1,1,1.0
2016-3,E01015205,1,1,1.0
2016-3,E01015209,1,1,1.0
2016-3,E01015224,1,1,1.0
2016-3,E01015231,2,2,1.0
2016-3,E01015232,1,1,1.0
2016-3,E01015252,1,1,1.0
2016-3,E01015256,4,4,1.0
2016-3,E01015271,1,1,1.0
2016-3,E01015283,3,1,3.0
2016-3,E01015287,1,1,1.0
2016-3,E01015305,1,1,1.0
2016-3,E01015308,2,1,2.0
2016-3,E01015317,1,1,1.0
2016-3,E01015319,2,2,1.0
2016-3,E01015321,3,3,1.0
2016-3,E01015322,2,2,1.0
2016-3,E01015323,1,1,1.0
2016-3,E01015324,1,1,1.0
2016-3,E01015327,1,1,1.0
2016-3,E01015331,1,1,1.0
2016-3,E01015334,1,1,1.0
2016-3,E01015338,2,2,1.0
2016-3,E01015340,2,2,1.0
2016-3,E01015346,1,1,1.0
2016-3,E01015352,1,1,1.0
2016-3,E01015357,1,1,1.0
2016-3,E01015358,3,3,1.0
2016-3,E01015359,1,1,1.0
2016-3,E01015370,1,1,1.0
2016-3,E01015374,1,1,1.0
2016-3,E01015375,1,1,1.0
2016-3,E01015377,1,1,1.0
2016-3,E01015383,1,1,1.0
2016-3,E01015444,1,1,1.0
2016-3,E01015464,1,1,1.0
2016-3,E01015468,1,1,1.0
2016-3,E01015484,1,1,1.0
2016-3,E01015500,1,1,1.0
2016-3,E01015509,2,2,1.0
2016-3,E01015535,1,1,1.0
2016-3,E01015550,1,1,1.0
2016-3,E01015552,1,1,1.0
2016-3,E01015556,1,1,1.0
2016-3,E01015557,1,1,1.0
2016-3,E01015558,6,1,6.0
2016-3,E01015571,1,1,1.0
2016-3,E01015573,1,1,1.0
2016-3,E01015576,1,1,1.0
2016-3,E01015580,3,2,1.5
2016-3,E01015581,5,2,2.5
2016-3,E01015589,3,2,1.5
2016-3,E01015590,1,1,1.0
2016-3,E01015594,1,1,1.0
2016-3,E01015595,1,1,1.0
2016-3,E01015596,1,1,1.0
2016-3,E01015599,2,2,1.0
2016-3,E01015600,1,1,1.0
2016-3,E01015611,2,2,1.0
2016-3,E01015612,2,1,2.0
2016-3,E01015615,2,1,2.0
2016-3,E01015616,6,4,1.5
2016-3,E01015617,8,2,4.0
2016-3,E01015618,1,1,1.0
2016-3,E01015620,2,2,1.0
2016-3,E01015621,12,1,12.0
2016-3,E01015622,2,2,1.0
2016-3,E01015623,14,1,14.0
2016-3,E01015624,6,2,3.0
2016-3,E01015629,2,1,2.0
2016-3,E01015630,4,2,2.0
2016-3,E01015636,3,1,3.0
2016-3,E01015637,1,1,1.0
2016-3,E01015639,1,1,1.0
2016-3,E01015641,1,1,1.0
2016-3,E01015644,1,1,1.0
2016-3,E01015647,7,2,3.5
2016-3,E01015648,1,1,1.0
2016-3,E01015653,1,1,1.0
2016-3,E01015654,3,2,1.5
2016-3,E01015657,3,1,3.0
2016-3,E01015658,4,1,4.0
2016-3,E01015659,1,1,1.0
2016-3,E01015660,1,1,1.0
2016-3,E01015663,2,2,1.0
2016-3,E01015666,4,1,4.0
2016-3,E01015667,1,1,1.0
2016-3,E01015668,4,2,2.0
2016-3,E01015669,3,1,3.0
2016-3,E01015670,3,1,3.0
2016-3,E01015671,2,2,1.0
2016-3,E01015684,1,1,1.0
2016-3,E01015686,2,1,2.0
2016-3,E01015695,1,1,1.0
2016-3,E01015699,13,3,4.333333333333333
2016-3,E01015700,1,1,1.0
2016-3,E01015701,1,1,1.0
2016-3,E01015703,4,1,4.0
2016-3,E01015704,3,2,1.5
2016-3,E01015707,1,1,1.0
2016-3,E01015710,1,1,1.0
2016-3,E01015712,1,1,1.0
2016-3,E01015713,4,3,1.3333333333333333
2016-3,E01015715,1,1,1.0
2016-3,E01015717,3,1,3.0
2016-3,E01015720,1,1,1.0
2016-3,E01015723,2,1,2.0
2016-3,E01015728,3,1,3.0
2016-3,E01015730,2,2,1.0
2016-3,E01015734,3,1,3.0
2016-3,E01015738,4,4,1.0
2016-3,E01015739,5,2,2.5
2016-3,E01015741,17,4,4.25
2016-3,E01015742,21,4,5.25
2016-3,E01015743,29,5,5.8
2016-3,E01015753,1,1,1.0
2016-3,E01015755,3,2,1.5
2016-3,E01015757,1,1,1.0
2016-3,E01015766,1,1,1.0
2016-3,E01015767,3,2,1.5
2016-3,E01015772,1,1,1.0
2016-3,E01015777,2,2,1.0
2016-3,E01015779,1,1,1.0
2016-3,E01015780,5,3,1.6666666666666667
2016-3,E01015781,2,1,2.0
2016-3,E01015783,1,1,1.0
2016-3,E01015786,1,1,1.0
2016-3,E01015791,1,1,1.0
2016-3,E01015794,3,2,1.5
2016-3,E01015801,1,1,1.0
2016-3,E01015804,1,1,1.0
2016-3,E01015811,4,3,1.3333333333333333
2016-3,E01015820,2,1,2.0
2016-3,E01015822,1,1,1.0
2016-3,E01015847,2,2,1.0
2016-3,E01015848,1,1,1.0
2016-3,E01015855,1,1,1.0
2016-3,E01015856,2,1,2.0
2016-3,E01015859,2,2,1.0
2016-3,E01015866,2,1,2.0
2016-3,E01015885,1,1,1.0
2016-3,E01015902,1,1,1.0
2016-3,E01015908,1,1,1.0
2016-3,E01015911,1,1,1.0
2016-3,E01015925,1,1,1.0
2016-3,E01015937,1,1,1.0
2016-3,E01015948,1,1,1.0
2016-3,E01015955,1,1,1.0
2016-3,E01015977,1,1,1.0
2016-3,E01015978,7,4,1.75
2016-3,E01015984,3,1,3.0
2016-3,E01015986,1,1,1.0
2016-3,E01015987,1,1,1.0
2016-3,E01015988,1,1,1.0
2016-3,E01015992,1,1,1.0
2016-3,E01015997,1,1,1.0
2016-3,E01016000,1,1,1.0
2016-3,E01016002,1,1,1.0
2016-3,E01016004,1,1,1.0
2016-3,E01016012,1,1,1.0
2016-3,E01016018,1,1,1.0
2016-3,E01016035,2,1,2.0
2016-3,E01016050,1,1,1.0
2016-3,E01016052,1,1,1.0
2016-3,E01016062,2,2,1.0
2016-3,E01016063,2,2,1.0
2016-3,E01016066,1,1,1.0
2016-3,E01016069,1,1,1.0
2016-3,E01016073,1,1,1.0
2016-3,E01016074,1,1,1.0
2016-3,E01016076,1,1,1.0
2016-3,E01016086,1,1,1.0
2016-3,E01016093,1,1,1.0
2016-3,E01016118,2,1,2.0
2016-3,E01016141,1,1,1.0
2016-3,E01016159,1,1,1.0
2016-3,E01016162,1,1,1.0
2016-3,E01016169,1,1,1.0
2016-3,E01016172,2,1,2.0
2016-3,E01016181,1,1,1.0
2016-3,E01016182,1,1,1.0
2016-3,E01016184,2,2,1.0
2016-3,E01016185,2,1,2.0
2016-3,E01016186,3,3,1.0
2016-3,E01016194,2,1,2.0
2016-3,E01016196,2,2,1.0
2016-3,E01016200,1,1,1.0
2016-3,E01016206,1,1,1.0
2016-3,E01016207,2,2,1.0
2016-3,E01016208,5,3,1.6666666666666667
2016-3,E01016209,3,3,1.0
2016-3,E01016213,3,3,1.0
2016-3,E01016228,1,1,1.0
2016-3,E01016229,1,1,1.0
2016-3,E01016230,3,3,1.0
2016-3,E01016233,1,1,1.0
2016-3,E01016235,1,1,1.0
2016-3,E01016249,2,2,1.0
2016-3,E01016252,1,1,1.0
2016-3,E01016254,1,1,1.0
2016-3,E01016255,1,1,1.0
2016-3,E01016256,1,1,1.0
2016-3,E01016257,3,3,1.0
2016-3,E01016260,1,1,1.0
2016-3,E01016261,1,1,1.0
2016-3,E01016262,1,1,1.0
2016-3,E01016263,1,1,1.0
2016-3,E01016269,1,1,1.0
2016-3,E01016276,1,1,1.0
2016-3,E01016280,1,1,1.0
2016-3,E01016287,1,1,1.0
2016-3,E01016291,2,1,2.0
2016-3,E01016298,1,1,1.0
2016-3,E01016302,2,2,1.0
2016-3,E01016304,1,1,1.0
2016-3,E01016309,1,1,1.0
2016-3,E01016315,1,1,1.0
2016-3,E01016316,1,1,1.0
2016-3,E01016323,3,2,1.5
2016-3,E01016324,1,1,1.0
2016-3,E01016326,1,1,1.0
2016-3,E01016332,1,1,1.0
2016-3,E01016333,2,1,2.0
2016-3,E01016337,1,1,1.0
2016-3,E01016339,1,1,1.0
2016-3,E01016342,1,1,1.0
2016-3,E01016344,1,1,1.0
2016-3,E01016349,1,1,1.0
2016-3,E01016350,2,2,1.0
2016-3,E01016355,2,2,1.0
2016-3,E01016359,2,2,1.0
2016-3,E01016360,1,1,1.0
2016-3,E01016362,1,1,1.0
2016-3,E01016365,1,1,1.0
2016-3,E01016371,2,2,1.0
2016-3,E01016373,1,1,1.0
2016-3,E01016376,1,1,1.0
2016-3,E01016378,2,2,1.0
2016-3,E01016379,1,1,1.0
2016-3,E01016382,1,1,1.0
2016-3,E01016383,2,2,1.0
2016-3,E01016387,1,1,1.0
2016-3,E01016388,2,1,2.0
2016-3,E01016390,1,1,1.0
2016-3,E01016392,1,1,1.0
2016-3,E01016396,1,1,1.0
2016-3,E01016400,1,1,1.0
2016-3,E01016401,1,1,1.0
2016-3,E01016406,2,2,1.0
2016-3,E01016407,1,1,1.0
2016-3,E01016408,2,1,2.0
2016-3,E01016410,1,1,1.0
2016-3,E01016411,4,4,1.0
2016-3,E01016413,1,1,1.0
2016-3,E01016414,1,1,1.0
2016-3,E01016419,1,1,1.0
2016-3,E01016420,1,1,1.0
2016-3,E01016421,2,2,1.0
2016-3,E01016423,1,1,1.0
2016-3,E01016427,1,1,1.0
2016-3,E01016428,1,1,1.0
2016-3,E01016431,1,1,1.0
2016-3,E01016432,1,1,1.0
2016-3,E01016435,1,1,1.0
2016-3,E01016436,1,1,1.0
2016-3,E01016437,1,1,1.0
2016-3,E01016439,1,1,1.0
2016-3,E01016450,1,1,1.0
2016-3,E01016452,1,1,1.0
2016-3,E01016456,1,1,1.0
2016-3,E01016457,1,1,1.0
2016-3,E01016474,2,2,1.0
2016-3,E01016480,1,1,1.0
2016-3,E01016481,1,1,1.0
2016-3,E01016482,2,1,2.0
2016-3,E01016486,3,2,1.5
2016-3,E01016495,3,1,3.0
2016-3,E01016497,1,1,1.0
2016-3,E01016499,1,1,1.0
2016-3,E01016502,1,1,1.0
2016-3,E01016503,1,1,1.0
2016-3,E01016508,1,1,1.0
2016-3,E01016509,1,1,1.0
2016-3,E01016513,3,2,1.5
2016-3,E01016516,1,1,1.0
2016-3,E01016524,1,1,1.0
2016-3,E01016526,1,1,1.0
2016-3,E01016528,1,1,1.0
2016-3,E01016531,2,2,1.0
2016-3,E01016532,3,2,1.5
2016-3,E01016539,1,1,1.0
2016-3,E01016542,1,1,1.0
2016-3,E01016544,4,1,4.0
2016-3,E01016545,2,2,1.0
2016-3,E01016552,1,1,1.0
2016-3,E01016565,1,1,1.0
2016-3,E01016567,1,1,1.0
2016-3,E01016572,1,1,1.0
2016-3,E01016578,1,1,1.0
2016-3,E01016584,1,1,1.0
2016-3,E01016591,1,1,1.0
2016-3,E01016592,2,1,2.0
2016-3,E01016593,1,1,1.0
2016-3,E01016598,2,2,1.0
2016-3,E01016601,2,2,1.0
2016-3,E01016604,1,1,1.0
2016-3,E01016613,2,2,1.0
2016-3,E01016614,2,1,2.0
2016-3,E01016616,3,1,3.0
2016-3,E01016618,3,1,3.0
2016-3,E01016621,1,1,1.0
2016-3,E01016625,1,1,1.0
2016-3,E01016630,2,2,1.0
2016-3,E01016641,1,1,1.0
2016-3,E01016646,1,1,1.0
2016-3,E01016647,2,2,1.0
2016-3,E01016649,1,1,1.0
2016-3,E01016651,1,1,1.0
2016-3,E01016654,3,2,1.5
2016-3,E01016656,4,4,1.0
2016-3,E01016658,1,1,1.0
2016-3,E01016670,1,1,1.0
2016-3,E01016673,1,1,1.0
2016-3,E01016675,1,1,1.0
2016-3,E01016677,1,1,1.0
2016-3,E01016678,4,2,2.0
2016-3,E01016679,1,1,1.0
2016-3,E01016682,4,4,1.0
2016-3,E01016684,1,1,1.0
2016-3,E01016690,6,4,1.5
2016-3,E01016691,3,2,1.5
2016-3,E01016692,1,1,1.0
2016-3,E01016694,1,1,1.0
2016-3,E01016695,1,1,1.0
2016-3,E01016696,2,1,2.0
2016-3,E01016702,1,1,1.0
2016-3,E01016703,1,1,1.0
2016-3,E01016707,1,1,1.0
2016-3,E01016708,1,1,1.0
2016-3,E01016713,1,1,1.0
2016-3,E01016714,1,1,1.0
2016-3,E01016723,3,2,1.5
2016-3,E01016724,1,1,1.0
2016-3,E01016735,4,3,1.3333333333333333
2016-3,E01016736,3,2,1.5
2016-3,E01016740,1,1,1.0
2016-3,E01016743,1,1,1.0
2016-3,E01016745,3,1,3.0
2016-3,E01016758,1,1,1.0
2016-3,E01016759,2,2,1.0
2016-3,E01016760,1,1,1.0
2016-3,E01016761,1,1,1.0
2016-3,E01016768,1,1,1.0
2016-3,E01016783,1,1,1.0
2016-3,E01016784,1,1,1.0
2016-3,E01016791,7,3,2.3333333333333335
2016-3,E01016796,2,1,2.0
2016-3,E01016798,1,1,1.0
2016-3,E01016802,1,1,1.0
2016-3,E01016803,6,2,3.0
2016-3,E01016810,1,1,1.0
2016-3,E01016813,1,1,1.0
2016-3,E01016821,4,2,2.0
2016-3,E01016828,1,1,1.0
2016-3,E01016838,1,1,1.0
2016-3,E01016841,2,1,2.0
2016-3,E01016845,1,1,1.0
2016-3,E01016850,1,1,1.0
2016-3,E01016856,1,1,1.0
2016-3,E01016864,1,1,1.0
2016-3,E01016868,1,1,1.0
2016-3,E01016899,1,1,1.0
2016-3,E01016900,2,2,1.0
2016-3,E01016907,1,1,1.0
2016-3,E01016910,1,1,1.0
2016-3,E01016911,1,1,1.0
2016-3,E01016912,3,2,1.5
2016-3,E01016917,1,1,1.0
2016-3,E01016923,1,1,1.0
2016-3,E01016927,1,1,1.0
2016-3,E01016928,1,1,1.0
2016-3,E01016930,1,1,1.0
2016-3,E01016938,1,1,1.0
2016-3,E01016947,1,1,1.0
2016-3,E01016948,1,1,1.0
2016-3,E01016954,1,1,1.0
2016-3,E01016959,1,1,1.0
2016-3,E01016960,1,1,1.0
2016-3,E01016961,1,1,1.0
2016-3,E01016962,1,1,1.0
2016-3,E01016964,1,1,1.0
2016-3,E01016968,1,1,1.0
2016-3,E01016973,1,1,1.0
2016-3,E01016980,1,1,1.0
2016-3,E01016981,2,2,1.0
2016-3,E01016993,1,1,1.0
2016-3,E01016994,1,1,1.0
2016-3,E01016997,1,1,1.0
2016-3,E01016999,1,1,1.0
2016-3,E01017001,1,1,1.0
2016-3,E01017003,1,1,1.0
2016-3,E01017007,1,1,1.0
2016-3,E01017012,2,2,1.0
2016-3,E01017026,1,1,1.0
2016-3,E01017046,3,3,1.0
2016-3,E01017059,1,1,1.0
2016-3,E01017111,1,1,1.0
2016-3,E01017137,2,1,2.0
2016-3,E01017140,3,3,1.0
2016-3,E01017142,5,2,2.5
2016-3,E01017145,1,1,1.0
2016-3,E01017147,1,1,1.0
2016-3,E01017153,1,1,1.0
2016-3,E01017154,9,3,3.0
2016-3,E01017156,2,2,1.0
2016-3,E01017158,1,1,1.0
2016-3,E01017159,1,1,1.0
2016-3,E01017160,4,1,4.0
2016-3,E01017162,1,1,1.0
2016-3,E01017163,1,1,1.0
2016-3,E01017165,1,1,1.0
2016-3,E01017166,2,1,2.0
2016-3,E01017167,2,2,1.0
2016-3,E01017168,2,2,1.0
2016-3,E01017172,4,2,2.0
2016-3,E01017175,3,2,1.5
2016-3,E01017176,1,1,1.0
2016-3,E01017177,2,2,1.0
2016-3,E01017184,1,1,1.0
2016-3,E01017186,3,2,1.5
2016-3,E01017187,1,1,1.0
2016-3,E01017191,2,1,2.0
2016-3,E01017192,1,1,1.0
2016-3,E01017194,1,1,1.0
2016-3,E01017195,2,2,1.0
2016-3,E01017199,1,1,1.0
2016-3,E01017200,3,3,1.0
2016-3,E01017201,3,1,3.0
2016-3,E01017202,1,1,1.0
2016-3,E01017203,1,1,1.0
2016-3,E01017206,1,1,1.0
2016-3,E01017209,1,1,1.0
2016-3,E01017210,1,1,1.0
2016-3,E01017212,1,1,1.0
2016-3,E01017214,3,2,1.5
2016-3,E01017218,1,1,1.0
2016-3,E01017219,1,1,1.0
2016-3,E01017220,1,1,1.0
2016-3,E01017222,1,1,1.0
2016-3,E01017223,1,1,1.0
2016-3,E01017224,1,1,1.0
2016-3,E01017225,1,1,1.0
2016-3,E01017227,4,3,1.3333333333333333
2016-3,E01017228,6,2,3.0
2016-3,E01017231,2,1,2.0
2016-3,E01017234,2,1,2.0
2016-3,E01017236,2,1,2.0
2016-3,E01017237,6,1,6.0
2016-3,E01017238,1,1,1.0
2016-3,E01017240,1,1,1.0
2016-3,E01017241,1,1,1.0
2016-3,E01017242,2,2,1.0
2016-3,E01017244,1,1,1.0
2016-3,E01017245,5,1,5.0
2016-3,E01017256,2,2,1.0
2016-3,E01017259,1,1,1.0
2016-3,E01017261,1,1,1.0
2016-3,E01017264,3,2,1.5
2016-3,E01017265,1,1,1.0
2016-3,E01017267,3,1,3.0
2016-3,E01017271,1,1,1.0
2016-3,E01017273,2,2,1.0
2016-3,E01017277,1,1,1.0
2016-3,E01017278,3,2,1.5
2016-3,E01017280,1,1,1.0
2016-3,E01017283,1,1,1.0
2016-3,E01017286,1,1,1.0
2016-3,E01017289,1,1,1.0
2016-3,E01017290,1,1,1.0
2016-3,E01017291,1,1,1.0
2016-3,E01017296,1,1,1.0
2016-3,E01017300,3,2,1.5
2016-3,E01017310,2,1,2.0
2016-3,E01017323,1,1,1.0
2016-3,E01017326,1,1,1.0
2016-3,E01017331,1,1,1.0
2016-3,E01017336,2,1,2.0
2016-3,E01017337,2,1,2.0
2016-3,E01017340,2,1,2.0
2016-3,E01017342,1,1,1.0
2016-3,E01017345,1,1,1.0
2016-3,E01017346,1,1,1.0
2016-3,E01017357,2,1,2.0
2016-3,E01017369,1,1,1.0
2016-3,E01017370,2,1,2.0
2016-3,E01017372,2,2,1.0
2016-3,E01017373,2,1,2.0
2016-3,E01017374,1,1,1.0
2016-3,E01017375,2,1,2.0
2016-3,E01017381,1,1,1.0
2016-3,E01017382,1,1,1.0
2016-3,E01017384,2,2,1.0
2016-3,E01017385,1,1,1.0
2016-3,E01017387,1,1,1.0
2016-3,E01017388,3,3,1.0
2016-3,E01017389,1,1,1.0
2016-3,E01017390,2,2,1.0
2016-3,E01017392,1,1,1.0
2016-3,E01017403,1,1,1.0
2016-3,E01017404,1,1,1.0
2016-3,E01017405,1,1,1.0
2016-3,E01017412,5,3,1.6666666666666667
2016-3,E01017414,1,1,1.0
2016-3,E01017417,2,2,1.0
2016-3,E01017419,2,2,1.0
2016-3,E01017431,1,1,1.0
2016-3,E01017435,1,1,1.0
2016-3,E01017437,1,1,1.0
2016-3,E01017439,1,1,1.0
2016-3,E01017446,1,1,1.0
2016-3,E01017447,2,1,2.0
2016-3,E01017452,1,1,1.0
2016-3,E01017454,1,1,1.0
2016-3,E01017457,2,1,2.0
2016-3,E01017461,1,1,1.0
2016-3,E01017466,1,1,1.0
2016-3,E01017471,1,1,1.0
2016-3,E01017472,1,1,1.0
2016-3,E01017473,1,1,1.0
2016-3,E01017482,1,1,1.0
2016-3,E01017483,1,1,1.0
2016-3,E01017486,1,1,1.0
2016-3,E01017495,1,1,1.0
2016-3,E01017504,1,1,1.0
2016-3,E01017519,2,2,1.0
2016-3,E01017523,2,1,2.0
2016-3,E01017540,1,1,1.0
2016-3,E01017542,1,1,1.0
2016-3,E01017543,1,1,1.0
2016-3,E01017548,1,1,1.0
2016-3,E01017550,1,1,1.0
2016-3,E01017551,3,1,3.0
2016-3,E01017558,1,1,1.0
2016-3,E01017562,2,2,1.0
2016-3,E01017564,2,1,2.0
2016-3,E01017565,2,2,1.0
2016-3,E01017566,1,1,1.0
2016-3,E01017567,1,1,1.0
2016-3,E01017568,3,1,3.0
2016-3,E01017569,2,1,2.0
2016-3,E01017575,1,1,1.0
2016-3,E01017578,6,3,2.0
2016-3,E01017579,1,1,1.0
2016-3,E01017580,5,3,1.6666666666666667
2016-3,E01017581,5,3,1.6666666666666667
2016-3,E01017584,1,1,1.0
2016-3,E01017586,1,1,1.0
2016-3,E01017587,2,1,2.0
2016-3,E01017596,1,1,1.0
2016-3,E01017597,2,2,1.0
2016-3,E01017598,1,1,1.0
2016-3,E01017599,1,1,1.0
2016-3,E01017600,1,1,1.0
2016-3,E01017601,6,1,6.0
2016-3,E01017602,9,4,2.25
2016-3,E01017615,3,2,1.5
2016-3,E01017617,3,1,3.0
2016-3,E01017618,11,3,3.6666666666666665
2016-3,E01017619,5,1,5.0
2016-3,E01017620,1,1,1.0
2016-3,E01017623,1,1,1.0
2016-3,E01017624,1,1,1.0
2016-3,E01017627,2,2,1.0
2016-3,E01017629,2,1,2.0
2016-3,E01017634,2,1,2.0
2016-3,E01017638,1,1,1.0
2016-3,E01017639,1,1,1.0
2016-3,E01017642,2,2,1.0
2016-3,E01017643,3,1,3.0
2016-3,E01017646,1,1,1.0
2016-3,E01017647,1,1,1.0
2016-3,E01017648,4,2,2.0
2016-3,E01017654,1,1,1.0
2016-3,E01017657,1,1,1.0
2016-3,E01017669,1,1,1.0
2016-3,E01017670,2,2,1.0
2016-3,E01017676,1,1,1.0
2016-3,E01017683,1,1,1.0
2016-3,E01017690,1,1,1.0
2016-3,E01017693,2,2,1.0
2016-3,E01017694,1,1,1.0
2016-3,E01017699,2,2,1.0
2016-3,E01017704,1,1,1.0
2016-3,E01017708,5,1,5.0
2016-3,E01017712,1,1,1.0
2016-3,E01017716,1,1,1.0
2016-3,E01017718,1,1,1.0
2016-3,E01017728,2,2,1.0
2016-3,E01017729,2,1,2.0
2016-3,E01017730,1,1,1.0
2016-3,E01017732,1,1,1.0
2016-3,E01017734,1,1,1.0
2016-3,E01017736,1,1,1.0
2016-3,E01017741,1,1,1.0
2016-3,E01017743,3,1,3.0
2016-3,E01017745,2,2,1.0
2016-3,E01017748,1,1,1.0
2016-3,E01017750,2,2,1.0
2016-3,E01017751,1,1,1.0
2016-3,E01017755,2,2,1.0
2016-3,E01017757,1,1,1.0
2016-3,E01017763,2,2,1.0
2016-3,E01017765,4,3,1.3333333333333333
2016-3,E01017766,1,1,1.0
2016-3,E01017767,1,1,1.0
2016-3,E01017768,3,3,1.0
2016-3,E01017775,2,2,1.0
2016-3,E01017776,1,1,1.0
2016-3,E01017783,4,2,2.0
2016-3,E01017788,1,1,1.0
2016-3,E01017790,5,1,5.0
2016-3,E01017791,1,1,1.0
2016-3,E01017792,2,2,1.0
2016-3,E01017794,3,2,1.5
2016-3,E01017796,1,1,1.0
2016-3,E01017797,1,1,1.0
2016-3,E01017798,5,2,2.5
2016-3,E01017800,1,1,1.0
2016-3,E01017801,1,1,1.0
2016-3,E01017804,1,1,1.0
2016-3,E01017807,1,1,1.0
2016-3,E01017809,2,2,1.0
2016-3,E01017812,1,1,1.0
2016-3,E01017814,3,3,1.0
2016-3,E01017815,1,1,1.0
2016-3,E01017816,1,1,1.0
2016-3,E01017817,4,3,1.3333333333333333
2016-3,E01017818,1,1,1.0
2016-3,E01017819,1,1,1.0
2016-3,E01017820,1,1,1.0
2016-3,E01017821,2,2,1.0
2016-3,E01017825,2,2,1.0
2016-3,E01017828,1,1,1.0
2016-3,E01017829,1,1,1.0
2016-3,E01017830,1,1,1.0
2016-3,E01017831,2,2,1.0
2016-3,E01017832,2,2,1.0
2016-3,E01017833,1,1,1.0
2016-3,E01017835,5,4,1.25
2016-3,E01017837,2,1,2.0
2016-3,E01017842,4,4,1.0
2016-3,E01017843,1,1,1.0
2016-3,E01017844,1,1,1.0
2016-3,E01017846,2,1,2.0
2016-3,E01017848,1,1,1.0
2016-3,E01017853,1,1,1.0
2016-3,E01017865,1,1,1.0
2016-3,E01017866,8,4,2.0
2016-3,E01017868,1,1,1.0
2016-3,E01017873,1,1,1.0
2016-3,E01017875,2,2,1.0
2016-3,E01017876,1,1,1.0
2016-3,E01017877,1,1,1.0
2016-3,E01017878,5,3,1.6666666666666667
2016-3,E01017883,1,1,1.0
2016-3,E01017886,1,1,1.0
2016-3,E01017887,1,1,1.0
2016-3,E01017888,1,1,1.0
2016-3,E01017892,2,2,1.0
2016-3,E01017893,1,1,1.0
2016-3,E01017894,1,1,1.0
2016-3,E01017895,2,1,2.0
2016-3,E01017896,2,2,1.0
2016-3,E01017898,1,1,1.0
2016-3,E01017899,1,1,1.0
2016-3,E01017907,2,2,1.0
2016-3,E01017909,1,1,1.0
2016-3,E01017910,1,1,1.0
2016-3,E01017912,1,1,1.0
2016-3,E01017913,1,1,1.0
2016-3,E01017916,2,2,1.0
2016-3,E01017918,2,1,2.0
2016-3,E01017922,1,1,1.0
2016-3,E01017927,2,2,1.0
2016-3,E01017937,1,1,1.0
2016-3,E01017941,1,1,1.0
2016-3,E01017947,1,1,1.0
2016-3,E01017951,1,1,1.0
2016-3,E01017958,1,1,1.0
2016-3,E01017971,1,1,1.0
2016-3,E01017976,1,1,1.0
2016-3,E01017983,1,1,1.0
2016-3,E01017989,2,2,1.0
2016-3,E01018002,1,1,1.0
2016-3,E01018012,1,1,1.0
2016-3,E01018023,2,2,1.0
2016-3,E01018034,1,1,1.0
2016-3,E01018044,1,1,1.0
2016-3,E01018057,1,1,1.0
2016-3,E01018076,1,1,1.0
2016-3,E01018081,1,1,1.0
2016-3,E01018084,2,2,1.0
2016-3,E01018087,1,1,1.0
2016-3,E01018097,1,1,1.0
2016-3,E01018127,1,1,1.0
2016-3,E01018136,1,1,1.0
2016-3,E01018138,1,1,1.0
2016-3,E01018151,1,1,1.0
2016-3,E01018158,1,1,1.0
2016-3,E01018161,1,1,1.0
2016-3,E01018168,1,1,1.0
2016-3,E01018171,1,1,1.0
2016-3,E01018209,1,1,1.0
2016-3,E01018265,1,1,1.0
2016-3,E01018269,1,1,1.0
2016-3,E01018273,1,1,1.0
2016-3,E01018276,1,1,1.0
2016-3,E01018277,2,2,1.0
2016-3,E01018290,1,1,1.0
2016-3,E01018297,2,2,1.0
2016-3,E01018300,1,1,1.0
2016-3,E01018302,1,1,1.0
2016-3,E01018304,1,1,1.0
2016-3,E01018323,1,1,1.0
2016-3,E01018329,1,1,1.0
2016-3,E01018335,11,5,2.2
2016-3,E01018336,1,1,1.0
2016-3,E01018337,2,2,1.0
2016-3,E01018339,2,2,1.0
2016-3,E01018355,1,1,1.0
2016-3,E01018360,4,4,1.0
2016-3,E01018362,1,1,1.0
2016-3,E01018367,3,3,1.0
2016-3,E01018381,1,1,1.0
2016-3,E01018391,1,1,1.0
2016-3,E01018392,1,1,1.0
2016-3,E01018394,1,1,1.0
2016-3,E01018403,1,1,1.0
2016-3,E01018410,1,1,1.0
2016-3,E01018411,4,4,1.0
2016-3,E01018422,5,2,2.5
2016-3,E01018423,2,2,1.0
2016-3,E01018428,1,1,1.0
2016-3,E01018435,1,1,1.0
2016-3,E01018447,2,2,1.0
2016-3,E01018449,13,5,2.6
2016-3,E01018450,31,4,7.75
2016-3,E01018451,1,1,1.0
2016-3,E01018455,1,1,1.0
2016-3,E01018462,2,1,2.0
2016-3,E01018464,1,1,1.0
2016-3,E01018465,2,2,1.0
2016-3,E01018467,2,1,2.0
2016-3,E01018472,1,1,1.0
2016-3,E01018473,1,1,1.0
2016-3,E01018474,1,1,1.0
2016-3,E01018478,1,1,1.0
2016-3,E01018480,2,2,1.0
2016-3,E01018481,1,1,1.0
2016-3,E01018482,1,1,1.0
2016-3,E01018494,2,2,1.0
2016-3,E01018495,1,1,1.0
2016-3,E01018502,3,1,3.0
2016-3,E01018505,1,1,1.0
2016-3,E01018507,1,1,1.0
2016-3,E01018508,2,2,1.0
2016-3,E01018509,1,1,1.0
2016-3,E01018510,2,2,1.0
2016-3,E01018514,2,1,2.0
2016-3,E01018515,12,4,3.0
2016-3,E01018522,1,1,1.0
2016-3,E01018525,1,1,1.0
2016-3,E01018529,1,1,1.0
2016-3,E01018533,1,1,1.0
2016-3,E01018535,3,1,3.0
2016-3,E01018543,1,1,1.0
2016-3,E01018546,1,1,1.0
2016-3,E01018554,1,1,1.0
2016-3,E01018567,1,1,1.0
2016-3,E01018572,1,1,1.0
2016-3,E01018576,2,2,1.0
2016-3,E01018577,3,3,1.0
2016-3,E01018579,1,1,1.0
2016-3,E01018581,1,1,1.0
2016-3,E01018582,1,1,1.0
2016-3,E01018587,1,1,1.0
2016-3,E01018588,2,2,1.0
2016-3,E01018591,6,2,3.0
2016-3,E01018595,2,2,1.0
2016-3,E01018597,1,1,1.0
2016-3,E01018602,3,2,1.5
2016-3,E01018604,1,1,1.0
2016-3,E01018606,2,1,2.0
2016-3,E01018608,1,1,1.0
2016-3,E01018609,1,1,1.0
2016-3,E01018612,1,1,1.0
2016-3,E01018617,1,1,1.0
2016-3,E01018618,1,1,1.0
2016-3,E01018621,1,1,1.0
2016-3,E01018622,1,1,1.0
2016-3,E01018625,1,1,1.0
2016-3,E01018626,1,1,1.0
2016-3,E01018629,2,1,2.0
2016-3,E01018632,1,1,1.0
2016-3,E01018634,1,1,1.0
2016-3,E01018636,1,1,1.0
2016-3,E01018645,1,1,1.0
2016-3,E01018646,1,1,1.0
2016-3,E01018648,6,4,1.5
2016-3,E01018651,5,3,1.6666666666666667
2016-3,E01018652,1,1,1.0
2016-3,E01018656,1,1,1.0
2016-3,E01018661,1,1,1.0
2016-3,E01018662,1,1,1.0
2016-3,E01018666,3,1,3.0
2016-3,E01018667,5,1,5.0
2016-3,E01018669,1,1,1.0
2016-3,E01018670,4,1,4.0
2016-3,E01018681,1,1,1.0
2016-3,E01018693,1,1,1.0
2016-3,E01018707,1,1,1.0
2016-3,E01018708,1,1,1.0
2016-3,E01018714,1,1,1.0
2016-3,E01018722,5,3,1.6666666666666667
2016-3,E01018728,1,1,1.0
2016-3,E01018743,2,2,1.0
2016-3,E01018746,1,1,1.0
2016-3,E01018753,2,2,1.0
2016-3,E01018757,2,2,1.0
2016-3,E01018759,1,1,1.0
2016-3,E01018761,1,1,1.0
2016-3,E01018766,1,1,1.0
2016-3,E01018774,1,1,1.0
2016-3,E01018775,1,1,1.0
2016-3,E01018777,1,1,1.0
2016-3,E01018779,1,1,1.0
2016-3,E01018781,2,1,2.0
2016-3,E01018787,2,2,1.0
2016-3,E01018792,1,1,1.0
2016-3,E01018809,1,1,1.0
2016-3,E01018814,1,1,1.0
2016-3,E01018824,2,2,1.0
2016-3,E01018831,1,1,1.0
2016-3,E01018832,1,1,1.0
2016-3,E01018851,1,1,1.0
2016-3,E01018862,1,1,1.0
2016-3,E01018873,1,1,1.0
2016-3,E01018877,1,1,1.0
2016-3,E01018888,1,1,1.0
2016-3,E01018911,1,1,1.0
2016-3,E01018921,3,1,3.0
2016-3,E01018922,2,1,2.0
2016-3,E01018924,3,3,1.0
2016-3,E01018926,1,1,1.0
2016-3,E01018933,1,1,1.0
2016-3,E01018934,1,1,1.0
2016-3,E01018944,1,1,1.0
2016-3,E01018966,1,1,1.0
2016-3,E01018969,1,1,1.0
2016-3,E01018985,1,1,1.0
2016-3,E01018992,1,1,1.0
2016-3,E01018996,1,1,1.0
2016-3,E01019005,2,1,2.0
2016-3,E01019007,2,2,1.0
2016-3,E01019017,5,2,2.5
2016-3,E01019024,2,1,2.0
2016-3,E01019026,4,2,2.0
2016-3,E01019032,1,1,1.0
2016-3,E01019036,3,3,1.0
2016-3,E01019042,1,1,1.0
2016-3,E01019049,1,1,1.0
2016-3,E01019052,1,1,1.0
2016-3,E01019056,1,1,1.0
2016-3,E01019059,3,1,3.0
2016-3,E01019060,1,1,1.0
2016-3,E01019082,1,1,1.0
2016-3,E01019084,1,1,1.0
2016-3,E01019090,1,1,1.0
2016-3,E01019101,1,1,1.0
2016-3,E01019103,2,1,2.0
2016-3,E01019105,1,1,1.0
2016-3,E01019106,1,1,1.0
2016-3,E01019119,1,1,1.0
2016-3,E01019138,1,1,1.0
2016-3,E01019141,1,1,1.0
2016-3,E01019149,1,1,1.0
2016-3,E01019154,1,1,1.0
2016-3,E01019156,1,1,1.0
2016-3,E01019157,1,1,1.0
2016-3,E01019159,1,1,1.0
2016-3,E01019163,1,1,1.0
2016-3,E01019187,1,1,1.0
2016-3,E01019213,1,1,1.0
2016-3,E01019222,1,1,1.0
2016-3,E01019228,3,1,3.0
2016-3,E01019232,1,1,1.0
2016-3,E01019256,2,1,2.0
2016-3,E01019259,1,1,1.0
2016-3,E01019261,1,1,1.0
2016-3,E01019264,4,1,4.0
2016-3,E01019266,2,2,1.0
2016-3,E01019268,7,1,7.0
2016-3,E01019270,1,1,1.0
2016-3,E01019273,3,2,1.5
2016-3,E01019274,2,1,2.0
2016-3,E01019275,1,1,1.0
2016-3,E01019280,1,1,1.0
2016-3,E01019286,1,1,1.0
2016-3,E01019287,2,2,1.0
2016-3,E01019288,1,1,1.0
2016-3,E01019291,1,1,1.0
2016-3,E01019293,1,1,1.0
2016-3,E01019298,1,1,1.0
2016-3,E01019299,1,1,1.0
2016-3,E01019300,3,1,3.0
2016-3,E01019302,1,1,1.0
2016-3,E01019311,1,1,1.0
2016-3,E01019320,1,1,1.0
2016-3,E01019324,1,1,1.0
2016-3,E01019334,1,1,1.0
2016-3,E01019349,1,1,1.0
2016-3,E01019350,3,2,1.5
2016-3,E01019351,1,1,1.0
2016-3,E01019352,3,3,1.0
2016-3,E01019383,2,2,1.0
2016-3,E01019394,2,2,1.0
2016-3,E01019408,1,1,1.0
2016-3,E01019419,1,1,1.0
2016-3,E01019420,1,1,1.0
2016-3,E01019440,1,1,1.0
2016-3,E01019441,1,1,1.0
2016-3,E01019442,5,3,1.6666666666666667
2016-3,E01019472,1,1,1.0
2016-3,E01019473,2,1,2.0
2016-3,E01019478,5,5,1.0
2016-3,E01019479,1,1,1.0
2016-3,E01019483,1,1,1.0
2016-3,E01019487,1,1,1.0
2016-3,E01019488,1,1,1.0
2016-3,E01019496,1,1,1.0
2016-3,E01019500,1,1,1.0
2016-3,E01019501,1,1,1.0
2016-3,E01019503,1,1,1.0
2016-3,E01019507,1,1,1.0
2016-3,E01019513,1,1,1.0
2016-3,E01019516,1,1,1.0
2016-3,E01019523,1,1,1.0
2016-3,E01019532,1,1,1.0
2016-3,E01019536,2,1,2.0
2016-3,E01019539,1,1,1.0
2016-3,E01019540,1,1,1.0
2016-3,E01019542,4,1,4.0
2016-3,E01019544,2,1,2.0
2016-3,E01019545,1,1,1.0
2016-3,E01019548,1,1,1.0
2016-3,E01019554,2,1,2.0
2016-3,E01019555,1,1,1.0
2016-3,E01019556,1,1,1.0
2016-3,E01019557,6,2,3.0
2016-3,E01019559,4,1,4.0
2016-3,E01019560,2,1,2.0
2016-3,E01019561,1,1,1.0
2016-3,E01019564,1,1,1.0
2016-3,E01019568,1,1,1.0
2016-3,E01019570,2,2,1.0
2016-3,E01019571,5,1,5.0
2016-3,E01019573,5,2,2.5
2016-3,E01019577,2,2,1.0
2016-3,E01019578,1,1,1.0
2016-3,E01019585,1,1,1.0
2016-3,E01019587,4,1,4.0
2016-3,E01019589,1,1,1.0
2016-3,E01019590,1,1,1.0
2016-3,E01019591,1,1,1.0
2016-3,E01019592,12,1,12.0
2016-3,E01019593,1,1,1.0
2016-3,E01019595,1,1,1.0
2016-3,E01019596,1,1,1.0
2016-3,E01019600,2,2,1.0
2016-3,E01019606,3,2,1.5
2016-3,E01019613,2,1,2.0
2016-3,E01019617,1,1,1.0
2016-3,E01019618,2,2,1.0
2016-3,E01019626,1,1,1.0
2016-3,E01019629,1,1,1.0
2016-3,E01019631,1,1,1.0
2016-3,E01019632,2,2,1.0
2016-3,E01019647,2,1,2.0
2016-3,E01019654,1,1,1.0
2016-3,E01019656,2,2,1.0
2016-3,E01019657,1,1,1.0
2016-3,E01019664,2,2,1.0
2016-3,E01019665,1,1,1.0
2016-3,E01019666,1,1,1.0
2016-3,E01019671,1,1,1.0
2016-3,E01019680,1,1,1.0
2016-3,E01019682,1,1,1.0
2016-3,E01019683,1,1,1.0
2016-3,E01019684,2,1,2.0
2016-3,E01019690,1,1,1.0
2016-3,E01019691,1,1,1.0
2016-3,E01019708,1,1,1.0
2016-3,E01019725,1,1,1.0
2016-3,E01019728,1,1,1.0
2016-3,E01019736,1,1,1.0
2016-3,E01019738,1,1,1.0
2016-3,E01019754,1,1,1.0
2016-3,E01019757,1,1,1.0
2016-3,E01019763,1,1,1.0
2016-3,E01019765,1,1,1.0
2016-3,E01019771,11,2,5.5
2016-3,E01019772,10,3,3.3333333333333335
2016-3,E01019780,1,1,1.0
2016-3,E01019781,2,1,2.0
2016-3,E01019782,4,1,4.0
2016-3,E01019784,1,1,1.0
2016-3,E01019785,1,1,1.0
2016-3,E01019786,4,1,4.0
2016-3,E01019787,2,1,2.0
2016-3,E01019798,1,1,1.0
2016-3,E01019799,1,1,1.0
2016-3,E01019802,1,1,1.0
2016-3,E01019803,2,1,2.0
2016-3,E01019818,1,1,1.0
2016-3,E01019824,1,1,1.0
2016-3,E01019827,3,2,1.5
2016-3,E01019829,1,1,1.0
2016-3,E01019830,1,1,1.0
2016-3,E01019831,2,2,1.0
2016-3,E01019834,1,1,1.0
2016-3,E01019838,1,1,1.0
2016-3,E01019839,1,1,1.0
2016-3,E01019840,4,1,4.0
2016-3,E01019843,1,1,1.0
2016-3,E01019845,1,1,1.0
2016-3,E01019846,1,1,1.0
2016-3,E01019848,1,1,1.0
2016-3,E01019852,1,1,1.0
2016-3,E01019854,1,1,1.0
2016-3,E01019856,1,1,1.0
2016-3,E01019859,1,1,1.0
2016-3,E01019860,1,1,1.0
2016-3,E01019862,2,1,2.0
2016-3,E01019863,1,1,1.0
2016-3,E01019866,1,1,1.0
2016-3,E01019868,3,2,1.5
2016-3,E01019873,1,1,1.0
2016-3,E01019876,1,1,1.0
2016-3,E01019877,1,1,1.0
2016-3,E01019878,1,1,1.0
2016-3,E01019885,1,1,1.0
2016-3,E01019886,1,1,1.0
2016-3,E01019890,2,1,2.0
2016-3,E01019891,1,1,1.0
2016-3,E01019893,1,1,1.0
2016-3,E01019898,1,1,1.0
2016-3,E01019900,1,1,1.0
2016-3,E01019901,3,3,1.0
2016-3,E01019902,1,1,1.0
2016-3,E01019905,1,1,1.0
2016-3,E01019912,1,1,1.0
2016-3,E01019914,1,1,1.0
2016-3,E01019920,1,1,1.0
2016-3,E01019931,1,1,1.0
2016-3,E01019937,1,1,1.0
2016-3,E01019938,1,1,1.0
2016-3,E01019942,1,1,1.0
2016-3,E01019959,1,1,1.0
2016-3,E01019960,2,1,2.0
2016-3,E01019967,1,1,1.0
2016-3,E01019971,1,1,1.0
2016-3,E01019973,1,1,1.0
2016-3,E01019987,3,2,1.5
2016-3,E01019999,1,1,1.0
2016-3,E01020015,1,1,1.0
2016-3,E01020017,1,1,1.0
2016-3,E01020018,1,1,1.0
2016-3,E01020024,1,1,1.0
2016-3,E01020025,1,1,1.0
2016-3,E01020027,1,1,1.0
2016-3,E01020030,1,1,1.0
2016-3,E01020035,2,2,1.0
2016-3,E01020038,1,1,1.0
2016-3,E01020041,1,1,1.0
2016-3,E01020054,1,1,1.0
2016-3,E01020056,3,3,1.0
2016-3,E01020060,5,1,5.0
2016-3,E01020061,3,2,1.5
2016-3,E01020067,1,1,1.0
2016-3,E01020069,3,2,1.5
2016-3,E01020075,2,1,2.0
2016-3,E01020077,1,1,1.0
2016-3,E01020079,1,1,1.0
2016-3,E01020087,1,1,1.0
2016-3,E01020090,1,1,1.0
2016-3,E01020094,1,1,1.0
2016-3,E01020097,1,1,1.0
2016-3,E01020102,2,1,2.0
2016-3,E01020103,1,1,1.0
2016-3,E01020107,1,1,1.0
2016-3,E01020108,1,1,1.0
2016-3,E01020111,4,3,1.3333333333333333
2016-3,E01020113,2,2,1.0
2016-3,E01020116,4,4,1.0
2016-3,E01020117,2,2,1.0
2016-3,E01020119,2,2,1.0
2016-3,E01020122,3,3,1.0
2016-3,E01020123,2,1,2.0
2016-3,E01020124,1,1,1.0
2016-3,E01020125,1,1,1.0
2016-3,E01020127,1,1,1.0
2016-3,E01020131,1,1,1.0
2016-3,E01020134,1,1,1.0
2016-3,E01020146,1,1,1.0
2016-3,E01020148,1,1,1.0
2016-3,E01020151,1,1,1.0
2016-3,E01020152,1,1,1.0
2016-3,E01020153,1,1,1.0
2016-3,E01020156,2,1,2.0
2016-3,E01020157,1,1,1.0
2016-3,E01020159,4,3,1.3333333333333333
2016-3,E01020160,2,2,1.0
2016-3,E01020161,2,1,2.0
2016-3,E01020162,1,1,1.0
2016-3,E01020163,1,1,1.0
2016-3,E01020167,1,1,1.0
2016-3,E01020170,1,1,1.0
2016-3,E01020180,2,1,2.0
2016-3,E01020181,1,1,1.0
2016-3,E01020182,1,1,1.0
2016-3,E01020183,4,1,4.0
2016-3,E01020186,2,1,2.0
2016-3,E01020190,1,1,1.0
2016-3,E01020191,1,1,1.0
2016-3,E01020199,1,1,1.0
2016-3,E01020202,1,1,1.0
2016-3,E01020207,1,1,1.0
2016-3,E01020215,1,1,1.0
2016-3,E01020216,1,1,1.0
2016-3,E01020219,1,1,1.0
2016-3,E01020223,3,2,1.5
2016-3,E01020225,1,1,1.0
2016-3,E01020226,1,1,1.0
2016-3,E01020228,2,2,1.0
2016-3,E01020229,1,1,1.0
2016-3,E01020231,1,1,1.0
2016-3,E01020233,1,1,1.0
2016-3,E01020260,1,1,1.0
2016-3,E01020261,2,1,2.0
2016-3,E01020263,1,1,1.0
2016-3,E01020265,1,1,1.0
2016-3,E01020267,1,1,1.0
2016-3,E01020271,1,1,1.0
2016-3,E01020276,2,1,2.0
2016-3,E01020280,1,1,1.0
2016-3,E01020282,1,1,1.0
2016-3,E01020283,1,1,1.0
2016-3,E01020288,1,1,1.0
2016-3,E01020289,2,2,1.0
2016-3,E01020291,1,1,1.0
2016-3,E01020293,1,1,1.0
2016-3,E01020295,2,2,1.0
2016-3,E01020296,1,1,1.0
2016-3,E01020297,1,1,1.0
2016-3,E01020299,1,1,1.0
2016-3,E01020300,3,3,1.0
2016-3,E01020307,3,2,1.5
2016-3,E01020309,1,1,1.0
2016-3,E01020311,2,2,1.0
2016-3,E01020312,1,1,1.0
2016-3,E01020318,1,1,1.0
2016-3,E01020326,1,1,1.0
2016-3,E01020329,1,1,1.0
2016-3,E01020334,1,1,1.0
2016-3,E01020336,1,1,1.0
2016-3,E01020342,1,1,1.0
2016-3,E01020346,1,1,1.0
2016-3,E01020357,1,1,1.0
2016-3,E01020358,1,1,1.0
2016-3,E01020365,1,1,1.0
2016-3,E01020370,1,1,1.0
2016-3,E01020371,1,1,1.0
2016-3,E01020375,2,2,1.0
2016-3,E01020378,1,1,1.0
2016-3,E01020379,2,1,2.0
2016-3,E01020389,1,1,1.0
2016-3,E01020395,1,1,1.0
2016-3,E01020398,4,3,1.3333333333333333
2016-3,E01020400,1,1,1.0
2016-3,E01020402,2,1,2.0
2016-3,E01020406,1,1,1.0
2016-3,E01020410,1,1,1.0
2016-3,E01020414,2,2,1.0
2016-3,E01020433,2,1,2.0
2016-3,E01020443,1,1,1.0
2016-3,E01020444,2,2,1.0
2016-3,E01020448,2,1,2.0
2016-3,E01020455,1,1,1.0
2016-3,E01020460,2,2,1.0
2016-3,E01020466,1,1,1.0
2016-3,E01020476,1,1,1.0
2016-3,E01020477,5,1,5.0
2016-3,E01020485,1,1,1.0
2016-3,E01020487,1,1,1.0
2016-3,E01020488,2,1,2.0
2016-3,E01020489,1,1,1.0
2016-3,E01020494,1,1,1.0
2016-3,E01020497,1,1,1.0
2016-3,E01020498,1,1,1.0
2016-3,E01020506,1,1,1.0
2016-3,E01020509,2,2,1.0
2016-3,E01020529,1,1,1.0
2016-3,E01020539,3,3,1.0
2016-3,E01020541,2,2,1.0
2016-3,E01020549,4,4,1.0
2016-3,E01020573,1,1,1.0
2016-3,E01020576,1,1,1.0
2016-3,E01020581,1,1,1.0
2016-3,E01020583,1,1,1.0
2016-3,E01020598,2,1,2.0
2016-3,E01020602,1,1,1.0
2016-3,E01020607,2,1,2.0
2016-3,E01020610,1,1,1.0
2016-3,E01020621,1,1,1.0
2016-3,E01020631,4,1,4.0
2016-3,E01020637,2,1,2.0
2016-3,E01020639,1,1,1.0
2016-3,E01020640,1,1,1.0
2016-3,E01020644,7,3,2.3333333333333335
2016-3,E01020648,1,1,1.0
2016-3,E01020649,1,1,1.0
2016-3,E01020655,3,3,1.0
2016-3,E01020661,1,1,1.0
2016-3,E01020662,1,1,1.0
2016-3,E01020664,4,2,2.0
2016-3,E01020666,1,1,1.0
2016-3,E01020669,1,1,1.0
2016-3,E01020683,1,1,1.0
2016-3,E01020685,3,1,3.0
2016-3,E01020693,2,1,2.0
2016-3,E01020695,4,1,4.0
2016-3,E01020698,3,2,1.5
2016-3,E01020700,4,1,4.0
2016-3,E01020701,2,1,2.0
2016-3,E01020703,1,1,1.0
2016-3,E01020704,1,1,1.0
2016-3,E01020709,1,1,1.0
2016-3,E01020731,1,1,1.0
2016-3,E01020732,3,1,3.0
2016-3,E01020742,4,3,1.3333333333333333
2016-3,E01020761,1,1,1.0
2016-3,E01020765,1,1,1.0
2016-3,E01020784,2,2,1.0
2016-3,E01020788,1,1,1.0
2016-3,E01020796,1,1,1.0
2016-3,E01020797,2,1,2.0
2016-3,E01020801,1,1,1.0
2016-3,E01020802,1,1,1.0
2016-3,E01020808,2,1,2.0
2016-3,E01020820,1,1,1.0
2016-3,E01020828,3,2,1.5
2016-3,E01020836,4,3,1.3333333333333333
2016-3,E01020838,1,1,1.0
2016-3,E01020841,2,1,2.0
2016-3,E01020843,1,1,1.0
2016-3,E01020851,1,1,1.0
2016-3,E01020854,1,1,1.0
2016-3,E01020858,1,1,1.0
2016-3,E01020859,1,1,1.0
2016-3,E01020860,1,1,1.0
2016-3,E01020863,1,1,1.0
2016-3,E01020864,1,1,1.0
2016-3,E01020868,4,1,4.0
2016-3,E01020869,2,1,2.0
2016-3,E01020875,3,2,1.5
2016-3,E01020877,5,1,5.0
2016-3,E01020879,1,1,1.0
2016-3,E01020882,1,1,1.0
2016-3,E01020887,9,1,9.0
2016-3,E01020888,4,2,2.0
2016-3,E01020890,1,1,1.0
2016-3,E01020891,7,1,7.0
2016-3,E01020893,4,1,4.0
2016-3,E01020899,1,1,1.0
2016-3,E01020903,4,1,4.0
2016-3,E01020904,1,1,1.0
2016-3,E01020905,2,1,2.0
2016-3,E01020906,18,1,18.0
2016-3,E01020910,1,1,1.0
2016-3,E01020911,2,1,2.0
2016-3,E01020912,2,2,1.0
2016-3,E01020914,1,1,1.0
2016-3,E01020919,1,1,1.0
2016-3,E01020922,1,1,1.0
2016-3,E01020934,2,1,2.0
2016-3,E01020935,3,2,1.5
2016-3,E01020936,2,2,1.0
2016-3,E01020942,1,1,1.0
2016-3,E01020943,3,2,1.5
2016-3,E01020949,1,1,1.0
2016-3,E01020953,1,1,1.0
2016-3,E01020954,1,1,1.0
2016-3,E01020961,1,1,1.0
2016-3,E01020962,1,1,1.0
2016-3,E01020968,1,1,1.0
2016-3,E01020969,1,1,1.0
2016-3,E01020970,2,2,1.0
2016-3,E01020971,1,1,1.0
2016-3,E01020975,2,2,1.0
2016-3,E01020976,2,2,1.0
2016-3,E01020978,1,1,1.0
2016-3,E01020979,1,1,1.0
2016-3,E01020980,1,1,1.0
2016-3,E01020982,1,1,1.0
2016-3,E01020986,2,1,2.0
2016-3,E01020992,1,1,1.0
2016-3,E01020996,1,1,1.0
2016-3,E01020998,1,1,1.0
2016-3,E01020999,1,1,1.0
2016-3,E01021000,1,1,1.0
2016-3,E01021003,4,3,1.3333333333333333
2016-3,E01021004,3,2,1.5
2016-3,E01021005,4,2,2.0
2016-3,E01021006,1,1,1.0
2016-3,E01021007,1,1,1.0
2016-3,E01021008,1,1,1.0
2016-3,E01021013,1,1,1.0
2016-3,E01021014,2,1,2.0
2016-3,E01021016,1,1,1.0
2016-3,E01021023,2,1,2.0
2016-3,E01021025,1,1,1.0
2016-3,E01021026,4,4,1.0
2016-3,E01021027,1,1,1.0
2016-3,E01021031,1,1,1.0
2016-3,E01021032,5,4,1.25
2016-3,E01021033,2,2,1.0
2016-3,E01021035,2,2,1.0
2016-3,E01021036,2,1,2.0
2016-3,E01021038,1,1,1.0
2016-3,E01021039,1,1,1.0
2016-3,E01021040,3,3,1.0
2016-3,E01021041,4,4,1.0
2016-3,E01021042,1,1,1.0
2016-3,E01021043,1,1,1.0
2016-3,E01021046,3,1,3.0
2016-3,E01021047,2,2,1.0
2016-3,E01021048,1,1,1.0
2016-3,E01021049,1,1,1.0
2016-3,E01021051,1,1,1.0
2016-3,E01021053,1,1,1.0
2016-3,E01021054,1,1,1.0
2016-3,E01021057,2,2,1.0
2016-3,E01021058,1,1,1.0
2016-3,E01021059,2,2,1.0
2016-3,E01021060,1,1,1.0
2016-3,E01021061,2,1,2.0
2016-3,E01021062,3,1,3.0
2016-3,E01021063,1,1,1.0
2016-3,E01021064,2,1,2.0
2016-3,E01021066,4,2,2.0
2016-3,E01021067,3,2,1.5
2016-3,E01021069,2,2,1.0
2016-3,E01021071,3,2,1.5
2016-3,E01021075,1,1,1.0
2016-3,E01021076,1,1,1.0
2016-3,E01021080,1,1,1.0
2016-3,E01021086,1,1,1.0
2016-3,E01021087,1,1,1.0
2016-3,E01021090,2,2,1.0
2016-3,E01021092,1,1,1.0
2016-3,E01021094,1,1,1.0
2016-3,E01021096,1,1,1.0
2016-3,E01021097,4,2,2.0
2016-3,E01021099,2,2,1.0
2016-3,E01021100,5,3,1.6666666666666667
2016-3,E01021102,1,1,1.0
2016-3,E01021103,1,1,1.0
2016-3,E01021104,1,1,1.0
2016-3,E01021105,2,2,1.0
2016-3,E01021106,1,1,1.0
2016-3,E01021107,2,2,1.0
2016-3,E01021108,1,1,1.0
2016-3,E01021109,1,1,1.0
2016-3,E01021113,2,2,1.0
2016-3,E01021115,1,1,1.0
2016-3,E01021116,1,1,1.0
2016-3,E01021117,4,2,2.0
2016-3,E01021118,5,2,2.5
2016-3,E01021119,1,1,1.0
2016-3,E01021123,2,2,1.0
2016-3,E01021124,2,2,1.0
2016-3,E01021127,1,1,1.0
2016-3,E01021133,3,1,3.0
2016-3,E01021134,2,1,2.0
2016-3,E01021135,2,2,1.0
2016-3,E01021138,1,1,1.0
2016-3,E01021140,1,1,1.0
2016-3,E01021141,1,1,1.0
2016-3,E01021143,2,2,1.0
2016-3,E01021144,2,2,1.0
2016-3,E01021146,2,1,2.0
2016-3,E01021147,3,2,1.5
2016-3,E01021148,1,1,1.0
2016-3,E01021149,2,2,1.0
2016-3,E01021151,6,3,2.0
2016-3,E01021152,2,2,1.0
2016-3,E01021153,1,1,1.0
2016-3,E01021154,1,1,1.0
2016-3,E01021155,4,3,1.3333333333333333
2016-3,E01021156,1,1,1.0
2016-3,E01021158,1,1,1.0
2016-3,E01021160,1,1,1.0
2016-3,E01021161,2,2,1.0
2016-3,E01021163,2,1,2.0
2016-3,E01021165,3,3,1.0
2016-3,E01021166,3,2,1.5
2016-3,E01021167,1,1,1.0
2016-3,E01021168,1,1,1.0
2016-3,E01021170,2,2,1.0
2016-3,E01021171,10,9,1.1111111111111112
2016-3,E01021173,4,4,1.0
2016-3,E01021175,3,3,1.0
2016-3,E01021178,2,2,1.0
2016-3,E01021179,1,1,1.0
2016-3,E01021180,4,2,2.0
2016-3,E01021183,2,1,2.0
2016-3,E01021187,1,1,1.0
2016-3,E01021188,4,3,1.3333333333333333
2016-3,E01021189,5,3,1.6666666666666667
2016-3,E01021191,1,1,1.0
2016-3,E01021194,1,1,1.0
2016-3,E01021195,2,2,1.0
2016-3,E01021197,1,1,1.0
2016-3,E01021198,3,3,1.0
2016-3,E01021199,1,1,1.0
2016-3,E01021201,3,2,1.5
2016-3,E01021202,1,1,1.0
2016-3,E01021203,2,2,1.0
2016-3,E01021204,1,1,1.0
2016-3,E01021205,4,2,2.0
2016-3,E01021207,2,1,2.0
2016-3,E01021209,1,1,1.0
2016-3,E01021213,2,2,1.0
2016-3,E01021214,1,1,1.0
2016-3,E01021216,1,1,1.0
2016-3,E01021217,6,3,2.0
2016-3,E01021218,2,2,1.0
2016-3,E01021219,1,1,1.0
2016-3,E01021220,2,2,1.0
2016-3,E01021226,4,2,2.0
2016-3,E01021229,6,4,1.5
2016-3,E01021230,5,3,1.6666666666666667
2016-3,E01021231,1,1,1.0
2016-3,E01021241,3,2,1.5
2016-3,E01021267,1,1,1.0
2016-3,E01021268,2,2,1.0
2016-3,E01021273,2,2,1.0
2016-3,E01021275,1,1,1.0
2016-3,E01021277,1,1,1.0
2016-3,E01021278,2,1,2.0
2016-3,E01021281,2,2,1.0
2016-3,E01021282,2,1,2.0
2016-3,E01021290,1,1,1.0
2016-3,E01021297,2,2,1.0
2016-3,E01021301,1,1,1.0
2016-3,E01021303,1,1,1.0
2016-3,E01021307,1,1,1.0
2016-3,E01021326,1,1,1.0
2016-3,E01021327,1,1,1.0
2016-3,E01021333,1,1,1.0
2016-3,E01021336,1,1,1.0
2016-3,E01021337,1,1,1.0
2016-3,E01021340,1,1,1.0
2016-3,E01021344,2,2,1.0
2016-3,E01021357,1,1,1.0
2016-3,E01021376,2,2,1.0
2016-3,E01021390,1,1,1.0
2016-3,E01021407,1,1,1.0
2016-3,E01021412,1,1,1.0
2016-3,E01021416,1,1,1.0
2016-3,E01021437,1,1,1.0
2016-3,E01021443,1,1,1.0
2016-3,E01021446,1,1,1.0
2016-3,E01021459,1,1,1.0
2016-3,E01021460,1,1,1.0
2016-3,E01021465,1,1,1.0
2016-3,E01021468,1,1,1.0
2016-3,E01021490,2,2,1.0
2016-3,E01021495,1,1,1.0
2016-3,E01021504,1,1,1.0
2016-3,E01021506,1,1,1.0
2016-3,E01021510,1,1,1.0
2016-3,E01021512,3,2,1.5
2016-3,E01021513,1,1,1.0
2016-3,E01021516,3,2,1.5
2016-3,E01021517,1,1,1.0
2016-3,E01021521,1,1,1.0
2016-3,E01021523,2,1,2.0
2016-3,E01021526,1,1,1.0
2016-3,E01021529,1,1,1.0
2016-3,E01021530,1,1,1.0
2016-3,E01021531,1,1,1.0
2016-3,E01021535,1,1,1.0
2016-3,E01021542,1,1,1.0
2016-3,E01021552,2,1,2.0
2016-3,E01021553,1,1,1.0
2016-3,E01021554,2,1,2.0
2016-3,E01021558,1,1,1.0
2016-3,E01021573,1,1,1.0
2016-3,E01021582,3,3,1.0
2016-3,E01021594,1,1,1.0
2016-3,E01021597,1,1,1.0
2016-3,E01021604,2,2,1.0
2016-3,E01021626,1,1,1.0
2016-3,E01021627,1,1,1.0
2016-3,E01021639,1,1,1.0
2016-3,E01021643,1,1,1.0
2016-3,E01021648,2,2,1.0
2016-3,E01021649,4,2,2.0
2016-3,E01021651,1,1,1.0
2016-3,E01021654,1,1,1.0
2016-3,E01021663,1,1,1.0
2016-3,E01021664,2,2,1.0
2016-3,E01021682,1,1,1.0
2016-3,E01021683,4,3,1.3333333333333333
2016-3,E01021684,2,1,2.0
2016-3,E01021686,3,2,1.5
2016-3,E01021687,4,2,2.0
2016-3,E01021688,2,1,2.0
2016-3,E01021693,2,1,2.0
2016-3,E01021694,1,1,1.0
2016-3,E01021699,1,1,1.0
2016-3,E01021711,1,1,1.0
2016-3,E01021713,1,1,1.0
2016-3,E01021717,1,1,1.0
2016-3,E01021718,3,3,1.0
2016-3,E01021719,2,1,2.0
2016-3,E01021722,2,1,2.0
2016-3,E01021730,1,1,1.0
2016-3,E01021731,1,1,1.0
2016-3,E01021733,4,2,2.0
2016-3,E01021736,1,1,1.0
2016-3,E01021743,1,1,1.0
2016-3,E01021754,1,1,1.0
2016-3,E01021757,1,1,1.0
2016-3,E01021761,1,1,1.0
2016-3,E01021763,2,1,2.0
2016-3,E01021768,2,2,1.0
2016-3,E01021769,2,1,2.0
2016-3,E01021772,1,1,1.0
2016-3,E01021776,1,1,1.0
2016-3,E01021780,1,1,1.0
2016-3,E01021781,1,1,1.0
2016-3,E01021784,2,2,1.0
2016-3,E01021787,1,1,1.0
2016-3,E01021789,1,1,1.0
2016-3,E01021791,4,2,2.0
2016-3,E01021794,3,1,3.0
2016-3,E01021796,1,1,1.0
2016-3,E01021799,1,1,1.0
2016-3,E01021801,2,1,2.0
2016-3,E01021807,1,1,1.0
2016-3,E01021809,2,1,2.0
2016-3,E01021817,2,2,1.0
2016-3,E01021821,1,1,1.0
2016-3,E01021827,2,1,2.0
2016-3,E01021841,1,1,1.0
2016-3,E01021842,1,1,1.0
2016-3,E01021857,1,1,1.0
2016-3,E01021860,1,1,1.0
2016-3,E01021885,2,1,2.0
2016-3,E01021887,1,1,1.0
2016-3,E01021910,2,1,2.0
2016-3,E01021916,3,1,3.0
2016-3,E01021919,1,1,1.0
2016-3,E01021920,3,1,3.0
2016-3,E01021942,3,2,1.5
2016-3,E01021943,1,1,1.0
2016-3,E01021944,2,1,2.0
2016-3,E01021945,1,1,1.0
2016-3,E01021951,1,1,1.0
2016-3,E01021952,2,2,1.0
2016-3,E01021955,1,1,1.0
2016-3,E01021959,1,1,1.0
2016-3,E01021960,1,1,1.0
2016-3,E01021980,3,2,1.5
2016-3,E01021998,2,1,2.0
2016-3,E01022020,1,1,1.0
2016-3,E01022025,1,1,1.0
2016-3,E01022030,1,1,1.0
2016-3,E01022059,1,1,1.0
2016-3,E01022060,1,1,1.0
2016-3,E01022064,1,1,1.0
2016-3,E01022071,1,1,1.0
2016-3,E01022076,1,1,1.0
2016-3,E01022085,1,1,1.0
2016-3,E01022087,1,1,1.0
2016-3,E01022089,2,1,2.0
2016-3,E01022090,1,1,1.0
2016-3,E01022098,8,1,8.0
2016-3,E01022102,1,1,1.0
2016-3,E01022103,1,1,1.0
2016-3,E01022105,2,1,2.0
2016-3,E01022106,2,2,1.0
2016-3,E01022108,1,1,1.0
2016-3,E01022110,1,1,1.0
2016-3,E01022111,3,1,3.0
2016-3,E01022112,2,2,1.0
2016-3,E01022113,1,1,1.0
2016-3,E01022115,3,2,1.5
2016-3,E01022116,1,1,1.0
2016-3,E01022117,1,1,1.0
2016-3,E01022118,1,1,1.0
2016-3,E01022119,3,1,3.0
2016-3,E01022121,3,2,1.5
2016-3,E01022122,1,1,1.0
2016-3,E01022123,1,1,1.0
2016-3,E01022125,2,2,1.0
2016-3,E01022126,4,3,1.3333333333333333
2016-3,E01022128,1,1,1.0
2016-3,E01022135,3,3,1.0
2016-3,E01022136,1,1,1.0
2016-3,E01022137,3,3,1.0
2016-3,E01022139,1,1,1.0
2016-3,E01022141,2,1,2.0
2016-3,E01022142,1,1,1.0
2016-3,E01022146,1,1,1.0
2016-3,E01022147,1,1,1.0
2016-3,E01022153,1,1,1.0
2016-3,E01022154,7,2,3.5
2016-3,E01022158,2,2,1.0
2016-3,E01022159,2,1,2.0
2016-3,E01022160,1,1,1.0
2016-3,E01022161,1,1,1.0
2016-3,E01022162,2,1,2.0
2016-3,E01022165,3,3,1.0
2016-3,E01022168,1,1,1.0
2016-3,E01022169,1,1,1.0
2016-3,E01022175,4,4,1.0
2016-3,E01022176,1,1,1.0
2016-3,E01022177,1,1,1.0
2016-3,E01022178,1,1,1.0
2016-3,E01022182,1,1,1.0
2016-3,E01022187,9,5,1.8
2016-3,E01022188,1,1,1.0
2016-3,E01022190,1,1,1.0
2016-3,E01022192,3,2,1.5
2016-3,E01022193,4,1,4.0
2016-3,E01022194,1,1,1.0
2016-3,E01022195,3,3,1.0
2016-3,E01022196,4,2,2.0
2016-3,E01022198,19,4,4.75
2016-3,E01022199,3,3,1.0
2016-3,E01022200,1,1,1.0
2016-3,E01022201,5,3,1.6666666666666667
2016-3,E01022205,1,1,1.0
2016-3,E01022206,8,2,4.0
2016-3,E01022210,1,1,1.0
2016-3,E01022215,2,2,1.0
2016-3,E01022218,1,1,1.0
2016-3,E01022219,1,1,1.0
2016-3,E01022220,4,1,4.0
2016-3,E01022221,9,4,2.25
2016-3,E01022222,1,1,1.0
2016-3,E01022224,1,1,1.0
2016-3,E01022225,1,1,1.0
2016-3,E01022229,1,1,1.0
2016-3,E01022230,1,1,1.0
2016-3,E01022233,1,1,1.0
2016-3,E01022239,1,1,1.0
2016-3,E01022241,1,1,1.0
2016-3,E01022245,1,1,1.0
2016-3,E01022257,1,1,1.0
2016-3,E01022262,1,1,1.0
2016-3,E01022263,1,1,1.0
2016-3,E01022264,1,1,1.0
2016-3,E01022284,1,1,1.0
2016-3,E01022287,1,1,1.0
2016-3,E01022288,1,1,1.0
2016-3,E01022289,2,1,2.0
2016-3,E01022291,1,1,1.0
2016-3,E01022292,1,1,1.0
2016-3,E01022308,1,1,1.0
2016-3,E01022310,1,1,1.0
2016-3,E01022311,1,1,1.0
2016-3,E01022315,1,1,1.0
2016-3,E01022316,2,2,1.0
2016-3,E01022320,1,1,1.0
2016-3,E01022332,1,1,1.0
2016-3,E01022336,1,1,1.0
2016-3,E01022356,1,1,1.0
2016-3,E01022362,1,1,1.0
2016-3,E01022372,2,2,1.0
2016-3,E01022375,1,1,1.0
2016-3,E01022376,2,2,1.0
2016-3,E01022381,1,1,1.0
2016-3,E01022383,1,1,1.0
2016-3,E01022384,1,1,1.0
2016-3,E01022385,2,1,2.0
2016-3,E01022386,1,1,1.0
2016-3,E01022389,1,1,1.0
2016-3,E01022391,1,1,1.0
2016-3,E01022397,1,1,1.0
2016-3,E01022402,2,2,1.0
2016-3,E01022408,1,1,1.0
2016-3,E01022409,1,1,1.0
2016-3,E01022410,2,1,2.0
2016-3,E01022413,1,1,1.0
2016-3,E01022414,1,1,1.0
2016-3,E01022420,3,2,1.5
2016-3,E01022421,2,2,1.0
2016-3,E01022433,1,1,1.0
2016-3,E01022434,6,2,3.0
2016-3,E01022441,2,1,2.0
2016-3,E01022442,1,1,1.0
2016-3,E01022446,1,1,1.0
2016-3,E01022449,2,1,2.0
2016-3,E01022450,1,1,1.0
2016-3,E01022455,1,1,1.0
2016-3,E01022456,1,1,1.0
2016-3,E01022459,2,2,1.0
2016-3,E01022460,1,1,1.0
2016-3,E01022468,2,2,1.0
2016-3,E01022470,1,1,1.0
2016-3,E01022471,2,2,1.0
2016-3,E01022474,2,1,2.0
2016-3,E01022475,1,1,1.0
2016-3,E01022476,1,1,1.0
2016-3,E01022477,3,1,3.0
2016-3,E01022479,6,2,3.0
2016-3,E01022480,6,1,6.0
2016-3,E01022481,1,1,1.0
2016-3,E01022489,2,2,1.0
2016-3,E01022490,2,2,1.0
2016-3,E01022491,3,2,1.5
2016-3,E01022492,3,3,1.0
2016-3,E01022494,2,2,1.0
2016-3,E01022500,1,1,1.0
2016-3,E01022502,1,1,1.0
2016-3,E01022503,1,1,1.0
2016-3,E01022504,1,1,1.0
2016-3,E01022513,2,1,2.0
2016-3,E01022515,1,1,1.0
2016-3,E01022522,3,2,1.5
2016-3,E01022533,2,1,2.0
2016-3,E01022540,1,1,1.0
2016-3,E01022546,2,2,1.0
2016-3,E01022547,1,1,1.0
2016-3,E01022563,1,1,1.0
2016-3,E01022564,1,1,1.0
2016-3,E01022567,1,1,1.0
2016-3,E01022573,2,2,1.0
2016-3,E01022579,1,1,1.0
2016-3,E01022581,4,2,2.0
2016-3,E01022582,2,2,1.0
2016-3,E01022585,2,2,1.0
2016-3,E01022588,1,1,1.0
2016-3,E01022590,2,2,1.0
2016-3,E01022591,3,1,3.0
2016-3,E01022592,1,1,1.0
2016-3,E01022595,1,1,1.0
2016-3,E01022596,1,1,1.0
2016-3,E01022597,12,1,12.0
2016-3,E01022606,2,1,2.0
2016-3,E01022625,1,1,1.0
2016-3,E01022627,2,1,2.0
2016-3,E01022628,2,2,1.0
2016-3,E01022629,3,2,1.5
2016-3,E01022633,1,1,1.0
2016-3,E01022646,1,1,1.0
2016-3,E01022654,1,1,1.0
2016-3,E01022657,2,2,1.0
2016-3,E01022658,1,1,1.0
2016-3,E01022660,2,2,1.0
2016-3,E01022661,2,1,2.0
2016-3,E01022663,1,1,1.0
2016-3,E01022664,1,1,1.0
2016-3,E01022666,1,1,1.0
2016-3,E01022667,1,1,1.0
2016-3,E01022677,4,3,1.3333333333333333
2016-3,E01022680,3,3,1.0
2016-3,E01022681,2,2,1.0
2016-3,E01022688,1,1,1.0
2016-3,E01022704,1,1,1.0
2016-3,E01022708,1,1,1.0
2016-3,E01022719,3,2,1.5
2016-3,E01022728,2,2,1.0
2016-3,E01022729,1,1,1.0
2016-3,E01022734,1,1,1.0
2016-3,E01022739,2,2,1.0
2016-3,E01022754,1,1,1.0
2016-3,E01022755,1,1,1.0
2016-3,E01022769,1,1,1.0
2016-3,E01022780,1,1,1.0
2016-3,E01022781,1,1,1.0
2016-3,E01022799,1,1,1.0
2016-3,E01022811,1,1,1.0
2016-3,E01022813,1,1,1.0
2016-3,E01022815,1,1,1.0
2016-3,E01022817,1,1,1.0
2016-3,E01022832,1,1,1.0
2016-3,E01022833,1,1,1.0
2016-3,E01022847,1,1,1.0
2016-3,E01022848,1,1,1.0
2016-3,E01022849,2,2,1.0
2016-3,E01022852,1,1,1.0
2016-3,E01022854,2,1,2.0
2016-3,E01022856,3,3,1.0
2016-3,E01022857,1,1,1.0
2016-3,E01022858,1,1,1.0
2016-3,E01022859,3,2,1.5
2016-3,E01022860,1,1,1.0
2016-3,E01022861,2,2,1.0
2016-3,E01022862,2,1,2.0
2016-3,E01022865,1,1,1.0
2016-3,E01022867,2,2,1.0
2016-3,E01022868,2,2,1.0
2016-3,E01022870,3,2,1.5
2016-3,E01022872,2,2,1.0
2016-3,E01022873,1,1,1.0
2016-3,E01022875,1,1,1.0
2016-3,E01022879,2,2,1.0
2016-3,E01022880,2,2,1.0
2016-3,E01022881,2,2,1.0
2016-3,E01022884,2,2,1.0
2016-3,E01022885,3,2,1.5
2016-3,E01022887,2,2,1.0
2016-3,E01022888,1,1,1.0
2016-3,E01022890,1,1,1.0
2016-3,E01022891,1,1,1.0
2016-3,E01022892,1,1,1.0
2016-3,E01022911,1,1,1.0
2016-3,E01022913,1,1,1.0
2016-3,E01022917,1,1,1.0
2016-3,E01022918,1,1,1.0
2016-3,E01022938,1,1,1.0
2016-3,E01022954,3,2,1.5
2016-3,E01022964,1,1,1.0
2016-3,E01022970,2,2,1.0
2016-3,E01022973,1,1,1.0
2016-3,E01022980,1,1,1.0
2016-3,E01022984,1,1,1.0
2016-3,E01022989,1,1,1.0
2016-3,E01022997,1,1,1.0
2016-3,E01023008,1,1,1.0
2016-3,E01023009,1,1,1.0
2016-3,E01023010,1,1,1.0
2016-3,E01023014,1,1,1.0
2016-3,E01023015,1,1,1.0
2016-3,E01023019,1,1,1.0
2016-3,E01023026,1,1,1.0
2016-3,E01023028,2,1,2.0
2016-3,E01023034,1,1,1.0
2016-3,E01023036,1,1,1.0
2016-3,E01023037,2,1,2.0
2016-3,E01023040,2,1,2.0
2016-3,E01023044,1,1,1.0
2016-3,E01023063,1,1,1.0
2016-3,E01023072,1,1,1.0
2016-3,E01023074,1,1,1.0
2016-3,E01023077,1,1,1.0
2016-3,E01023084,1,1,1.0
2016-3,E01023085,1,1,1.0
2016-3,E01023091,1,1,1.0
2016-3,E01023093,2,2,1.0
2016-3,E01023094,1,1,1.0
2016-3,E01023095,1,1,1.0
2016-3,E01023098,1,1,1.0
2016-3,E01023103,1,1,1.0
2016-3,E01023105,1,1,1.0
2016-3,E01023107,1,1,1.0
2016-3,E01023111,3,1,3.0
2016-3,E01023121,1,1,1.0
2016-3,E01023123,1,1,1.0
2016-3,E01023125,1,1,1.0
2016-3,E01023132,2,2,1.0
2016-3,E01023136,5,3,1.6666666666666667
2016-3,E01023137,1,1,1.0
2016-3,E01023138,2,1,2.0
2016-3,E01023140,1,1,1.0
2016-3,E01023142,2,2,1.0
2016-3,E01023148,1,1,1.0
2016-3,E01023149,1,1,1.0
2016-3,E01023151,1,1,1.0
2016-3,E01023158,1,1,1.0
2016-3,E01023159,1,1,1.0
2016-3,E01023160,1,1,1.0
2016-3,E01023167,3,2,1.5
2016-3,E01023168,1,1,1.0
2016-3,E01023169,1,1,1.0
2016-3,E01023172,1,1,1.0
2016-3,E01023173,1,1,1.0
2016-3,E01023178,2,2,1.0
2016-3,E01023180,1,1,1.0
2016-3,E01023184,1,1,1.0
2016-3,E01023192,2,1,2.0
2016-3,E01023193,1,1,1.0
2016-3,E01023199,4,4,1.0
2016-3,E01023200,1,1,1.0
2016-3,E01023213,1,1,1.0
2016-3,E01023217,1,1,1.0
2016-3,E01023220,1,1,1.0
2016-3,E01023224,1,1,1.0
2016-3,E01023225,8,3,2.6666666666666665
2016-3,E01023226,2,2,1.0
2016-3,E01023229,3,3,1.0
2016-3,E01023230,1,1,1.0
2016-3,E01023232,1,1,1.0
2016-3,E01023234,1,1,1.0
2016-3,E01023235,1,1,1.0
2016-3,E01023236,1,1,1.0
2016-3,E01023238,2,2,1.0
2016-3,E01023243,1,1,1.0
2016-3,E01023248,1,1,1.0
2016-3,E01023256,1,1,1.0
2016-3,E01023258,2,2,1.0
2016-3,E01023265,2,2,1.0
2016-3,E01023268,3,3,1.0
2016-3,E01023271,1,1,1.0
2016-3,E01023274,1,1,1.0
2016-3,E01023277,1,1,1.0
2016-3,E01023278,1,1,1.0
2016-3,E01023279,1,1,1.0
2016-3,E01023280,1,1,1.0
2016-3,E01023281,3,1,3.0
2016-3,E01023282,1,1,1.0
2016-3,E01023288,1,1,1.0
2016-3,E01023300,3,2,1.5
2016-3,E01023305,1,1,1.0
2016-3,E01023307,5,5,1.0
2016-3,E01023308,1,1,1.0
2016-3,E01023311,1,1,1.0
2016-3,E01023313,2,2,1.0
2016-3,E01023317,1,1,1.0
2016-3,E01023323,1,1,1.0
2016-3,E01023326,1,1,1.0
2016-3,E01023327,1,1,1.0
2016-3,E01023328,2,2,1.0
2016-3,E01023330,1,1,1.0
2016-3,E01023331,1,1,1.0
2016-3,E01023332,1,1,1.0
2016-3,E01023333,1,1,1.0
2016-3,E01023335,1,1,1.0
2016-3,E01023336,1,1,1.0
2016-3,E01023340,1,1,1.0
2016-3,E01023345,1,1,1.0
2016-3,E01023352,2,2,1.0
2016-3,E01023355,1,1,1.0
2016-3,E01023361,3,2,1.5
2016-3,E01023362,3,3,1.0
2016-3,E01023365,1,1,1.0
2016-3,E01023366,2,2,1.0
2016-3,E01023368,4,3,1.3333333333333333
2016-3,E01023374,1,1,1.0
2016-3,E01023378,1,1,1.0
2016-3,E01023379,1,1,1.0
2016-3,E01023383,3,2,1.5
2016-3,E01023385,1,1,1.0
2016-3,E01023395,2,1,2.0
2016-3,E01023396,2,2,1.0
2016-3,E01023398,1,1,1.0
2016-3,E01023399,2,1,2.0
2016-3,E01023400,2,2,1.0
2016-3,E01023403,1,1,1.0
2016-3,E01023404,1,1,1.0
2016-3,E01023406,1,1,1.0
2016-3,E01023408,1,1,1.0
2016-3,E01023415,1,1,1.0
2016-3,E01023416,1,1,1.0
2016-3,E01023419,2,1,2.0
2016-3,E01023422,2,2,1.0
2016-3,E01023423,4,1,4.0
2016-3,E01023424,3,1,3.0
2016-3,E01023427,1,1,1.0
2016-3,E01023428,1,1,1.0
2016-3,E01023430,1,1,1.0
2016-3,E01023431,3,2,1.5
2016-3,E01023432,2,2,1.0
2016-3,E01023434,1,1,1.0
2016-3,E01023448,2,1,2.0
2016-3,E01023453,1,1,1.0
2016-3,E01023455,1,1,1.0
2016-3,E01023461,8,1,8.0
2016-3,E01023462,3,1,3.0
2016-3,E01023464,1,1,1.0
2016-3,E01023466,1,1,1.0
2016-3,E01023473,1,1,1.0
2016-3,E01023474,1,1,1.0
2016-3,E01023477,1,1,1.0
2016-3,E01023479,1,1,1.0
2016-3,E01023481,2,1,2.0
2016-3,E01023485,1,1,1.0
2016-3,E01023490,1,1,1.0
2016-3,E01023493,2,2,1.0
2016-3,E01023494,1,1,1.0
2016-3,E01023502,1,1,1.0
2016-3,E01023504,1,1,1.0
2016-3,E01023505,1,1,1.0
2016-3,E01023506,1,1,1.0
2016-3,E01023508,2,2,1.0
2016-3,E01023509,1,1,1.0
2016-3,E01023510,1,1,1.0
2016-3,E01023527,1,1,1.0
2016-3,E01023529,1,1,1.0
2016-3,E01023530,1,1,1.0
2016-3,E01023531,4,3,1.3333333333333333
2016-3,E01023533,1,1,1.0
2016-3,E01023538,2,1,2.0
2016-3,E01023539,3,1,3.0
2016-3,E01023542,1,1,1.0
2016-3,E01023550,1,1,1.0
2016-3,E01023552,2,2,1.0
2016-3,E01023553,2,2,1.0
2016-3,E01023554,5,4,1.25
2016-3,E01023555,3,3,1.0
2016-3,E01023561,1,1,1.0
2016-3,E01023570,2,2,1.0
2016-3,E01023571,1,1,1.0
2016-3,E01023573,1,1,1.0
2016-3,E01023575,1,1,1.0
2016-3,E01023576,3,2,1.5
2016-3,E01023578,1,1,1.0
2016-3,E01023582,2,2,1.0
2016-3,E01023584,9,7,1.2857142857142858
2016-3,E01023587,1,1,1.0
2016-3,E01023589,1,1,1.0
2016-3,E01023592,1,1,1.0
2016-3,E01023594,2,2,1.0
2016-3,E01023596,2,2,1.0
2016-3,E01023598,2,2,1.0
2016-3,E01023608,1,1,1.0
2016-3,E01023610,1,1,1.0
2016-3,E01023617,2,2,1.0
2016-3,E01023618,1,1,1.0
2016-3,E01023622,1,1,1.0
2016-3,E01023624,1,1,1.0
2016-3,E01023625,2,2,1.0
2016-3,E01023627,2,1,2.0
2016-3,E01023629,2,1,2.0
2016-3,E01023630,2,2,1.0
2016-3,E01023635,1,1,1.0
2016-3,E01023636,1,1,1.0
2016-3,E01023643,2,2,1.0
2016-3,E01023648,1,1,1.0
2016-3,E01023649,1,1,1.0
2016-3,E01023650,2,1,2.0
2016-3,E01023653,2,2,1.0
2016-3,E01023660,1,1,1.0
2016-3,E01023662,1,1,1.0
2016-3,E01023663,1,1,1.0
2016-3,E01023664,1,1,1.0
2016-3,E01023665,1,1,1.0
2016-3,E01023666,1,1,1.0
2016-3,E01023667,2,1,2.0
2016-3,E01023669,1,1,1.0
2016-3,E01023674,2,2,1.0
2016-3,E01023676,1,1,1.0
2016-3,E01023679,1,1,1.0
2016-3,E01023681,3,3,1.0
2016-3,E01023682,4,3,1.3333333333333333
2016-3,E01023683,1,1,1.0
2016-3,E01023684,4,4,1.0
2016-3,E01023685,1,1,1.0
2016-3,E01023688,2,2,1.0
2016-3,E01023691,2,2,1.0
2016-3,E01023693,1,1,1.0
2016-3,E01023694,4,2,2.0
2016-3,E01023699,1,1,1.0
2016-3,E01023701,7,3,2.3333333333333335
2016-3,E01023710,1,1,1.0
2016-3,E01023715,1,1,1.0
2016-3,E01023718,2,2,1.0
2016-3,E01023719,1,1,1.0
2016-3,E01023721,4,2,2.0
2016-3,E01023725,5,1,5.0
2016-3,E01023727,3,2,1.5
2016-3,E01023728,1,1,1.0
2016-3,E01023729,1,1,1.0
2016-3,E01023731,1,1,1.0
2016-3,E01023732,1,1,1.0
2016-3,E01023739,1,1,1.0
2016-3,E01023740,1,1,1.0
2016-3,E01023744,2,2,1.0
2016-3,E01023747,1,1,1.0
2016-3,E01023748,5,2,2.5
2016-3,E01023749,1,1,1.0
2016-3,E01023753,5,2,2.5
2016-3,E01023755,1,1,1.0
2016-3,E01023756,1,1,1.0
2016-3,E01023758,1,1,1.0
2016-3,E01023760,2,2,1.0
2016-3,E01023764,1,1,1.0
2016-3,E01023765,1,1,1.0
2016-3,E01023769,1,1,1.0
2016-3,E01023771,1,1,1.0
2016-3,E01023774,1,1,1.0
2016-3,E01023776,1,1,1.0
2016-3,E01023780,1,1,1.0
2016-3,E01023781,1,1,1.0
2016-3,E01023783,1,1,1.0
2016-3,E01023784,1,1,1.0
2016-3,E01023785,2,2,1.0
2016-3,E01023786,4,3,1.3333333333333333
2016-3,E01023788,1,1,1.0
2016-3,E01023789,2,2,1.0
2016-3,E01023790,2,1,2.0
2016-3,E01023792,2,1,2.0
2016-3,E01023794,1,1,1.0
2016-3,E01023795,1,1,1.0
2016-3,E01023796,3,2,1.5
2016-3,E01023797,1,1,1.0
2016-3,E01023798,6,2,3.0
2016-3,E01023799,2,2,1.0
2016-3,E01023800,1,1,1.0
2016-3,E01023805,2,2,1.0
2016-3,E01023809,1,1,1.0
2016-3,E01023812,2,1,2.0
2016-3,E01023817,2,2,1.0
2016-3,E01023830,1,1,1.0
2016-3,E01023832,3,2,1.5
2016-3,E01023833,2,1,2.0
2016-3,E01023835,1,1,1.0
2016-3,E01023836,1,1,1.0
2016-3,E01023840,1,1,1.0
2016-3,E01023841,1,1,1.0
2016-3,E01023851,1,1,1.0
2016-3,E01023855,7,2,3.5
2016-3,E01023856,2,1,2.0
2016-3,E01023857,1,1,1.0
2016-3,E01023858,11,2,5.5
2016-3,E01023859,2,2,1.0
2016-3,E01023860,3,3,1.0
2016-3,E01023861,2,2,1.0
2016-3,E01023862,2,2,1.0
2016-3,E01023865,1,1,1.0
2016-3,E01023868,2,2,1.0
2016-3,E01023869,1,1,1.0
2016-3,E01023870,1,1,1.0
2016-3,E01023871,2,2,1.0
2016-3,E01023872,1,1,1.0
2016-3,E01023873,2,1,2.0
2016-3,E01023874,1,1,1.0
2016-3,E01023875,2,2,1.0
2016-3,E01023876,2,2,1.0
2016-3,E01023881,1,1,1.0
2016-3,E01023890,1,1,1.0
2016-3,E01023891,13,2,6.5
2016-3,E01023892,4,2,2.0
2016-3,E01023893,3,2,1.5
2016-3,E01023894,2,1,2.0
2016-3,E01023896,2,2,1.0
2016-3,E01023897,1,1,1.0
2016-3,E01023904,1,1,1.0
2016-3,E01023905,5,1,5.0
2016-3,E01023910,1,1,1.0
2016-3,E01023911,2,2,1.0
2016-3,E01023912,1,1,1.0
2016-3,E01023913,1,1,1.0
2016-3,E01023914,2,1,2.0
2016-3,E01023915,1,1,1.0
2016-3,E01023916,1,1,1.0
2016-3,E01023918,1,1,1.0
2016-3,E01023922,1,1,1.0
2016-3,E01023923,2,2,1.0
2016-3,E01023925,3,3,1.0
2016-3,E01023926,1,1,1.0
2016-3,E01023927,1,1,1.0
2016-3,E01023929,2,2,1.0
2016-3,E01023930,1,1,1.0
2016-3,E01023933,1,1,1.0
2016-3,E01023935,2,2,1.0
2016-3,E01023936,1,1,1.0
2016-3,E01023937,1,1,1.0
2016-3,E01023938,1,1,1.0
2016-3,E01023939,2,2,1.0
2016-3,E01023940,1,1,1.0
2016-3,E01023942,3,1,3.0
2016-3,E01023944,10,6,1.6666666666666667
2016-3,E01023950,1,1,1.0
2016-3,E01023951,1,1,1.0
2016-3,E01023952,2,1,2.0
2016-3,E01023956,5,1,5.0
2016-3,E01023957,2,2,1.0
2016-3,E01023963,3,2,1.5
2016-3,E01023965,1,1,1.0
2016-3,E01023966,2,1,2.0
2016-3,E01023968,1,1,1.0
2016-3,E01023970,1,1,1.0
2016-3,E01023986,6,3,2.0
2016-3,E01023990,3,2,1.5
2016-3,E01023995,1,1,1.0
2016-3,E01023999,1,1,1.0
2016-3,E01024001,1,1,1.0
2016-3,E01024006,1,1,1.0
2016-3,E01024009,1,1,1.0
2016-3,E01024010,1,1,1.0
2016-3,E01024011,1,1,1.0
2016-3,E01024017,2,2,1.0
2016-3,E01024034,1,1,1.0
2016-3,E01024043,1,1,1.0
2016-3,E01024046,1,1,1.0
2016-3,E01024055,2,2,1.0
2016-3,E01024056,2,1,2.0
2016-3,E01024057,1,1,1.0
2016-3,E01024060,1,1,1.0
2016-3,E01024062,1,1,1.0
2016-3,E01024074,1,1,1.0
2016-3,E01024077,1,1,1.0
2016-3,E01024082,2,1,2.0
2016-3,E01024101,1,1,1.0
2016-3,E01024102,1,1,1.0
2016-3,E01024109,1,1,1.0
2016-3,E01024112,1,1,1.0
2016-3,E01024114,1,1,1.0
2016-3,E01024119,2,2,1.0
2016-3,E01024121,3,1,3.0
2016-3,E01024130,1,1,1.0
2016-3,E01024137,2,1,2.0
2016-3,E01024138,2,2,1.0
2016-3,E01024142,1,1,1.0
2016-3,E01024144,1,1,1.0
2016-3,E01024146,1,1,1.0
2016-3,E01024152,1,1,1.0
2016-3,E01024157,1,1,1.0
2016-3,E01024161,3,2,1.5
2016-3,E01024162,3,2,1.5
2016-3,E01024163,1,1,1.0
2016-3,E01024164,2,2,1.0
2016-3,E01024167,4,2,2.0
2016-3,E01024173,1,1,1.0
2016-3,E01024181,1,1,1.0
2016-3,E01024182,8,2,4.0
2016-3,E01024185,2,1,2.0
2016-3,E01024187,1,1,1.0
2016-3,E01024198,1,1,1.0
2016-3,E01024232,1,1,1.0
2016-3,E01024253,1,1,1.0
2016-3,E01024257,1,1,1.0
2016-3,E01024260,1,1,1.0
2016-3,E01024271,1,1,1.0
2016-3,E01024277,1,1,1.0
2016-3,E01024279,1,1,1.0
2016-3,E01024280,1,1,1.0
2016-3,E01024284,4,2,2.0
2016-3,E01024286,1,1,1.0
2016-3,E01024312,1,1,1.0
2016-3,E01024322,1,1,1.0
2016-3,E01024328,1,1,1.0
2016-3,E01024333,2,2,1.0
2016-3,E01024335,7,4,1.75
2016-3,E01024346,1,1,1.0
2016-3,E01024347,1,1,1.0
2016-3,E01024356,1,1,1.0
2016-3,E01024358,3,2,1.5
2016-3,E01024361,1,1,1.0
2016-3,E01024363,2,2,1.0
2016-3,E01024364,1,1,1.0
2016-3,E01024372,1,1,1.0
2016-3,E01024377,1,1,1.0
2016-3,E01024387,4,2,2.0
2016-3,E01024388,1,1,1.0
2016-3,E01024402,1,1,1.0
2016-3,E01024416,2,2,1.0
2016-3,E01024417,2,1,2.0
2016-3,E01024420,2,1,2.0
2016-3,E01024421,2,2,1.0
2016-3,E01024422,1,1,1.0
2016-3,E01024425,2,1,2.0
2016-3,E01024426,1,1,1.0
2016-3,E01024427,1,1,1.0
2016-3,E01024428,2,1,2.0
2016-3,E01024429,1,1,1.0
2016-3,E01024430,3,1,3.0
2016-3,E01024432,6,3,2.0
2016-3,E01024433,3,2,1.5
2016-3,E01024434,2,2,1.0
2016-3,E01024436,1,1,1.0
2016-3,E01024438,1,1,1.0
2016-3,E01024439,10,4,2.5
2016-3,E01024442,3,1,3.0
2016-3,E01024446,1,1,1.0
2016-3,E01024447,1,1,1.0
2016-3,E01024452,2,2,1.0
2016-3,E01024457,1,1,1.0
2016-3,E01024459,1,1,1.0
2016-3,E01024461,1,1,1.0
2016-3,E01024462,1,1,1.0
2016-3,E01024463,1,1,1.0
2016-3,E01024469,1,1,1.0
2016-3,E01024472,6,4,1.5
2016-3,E01024473,2,2,1.0
2016-3,E01024478,2,2,1.0
2016-3,E01024480,2,1,2.0
2016-3,E01024483,2,2,1.0
2016-3,E01024485,12,3,4.0
2016-3,E01024486,1,1,1.0
2016-3,E01024489,1,1,1.0
2016-3,E01024496,1,1,1.0
2016-3,E01024504,1,1,1.0
2016-3,E01024505,1,1,1.0
2016-3,E01024511,1,1,1.0
2016-3,E01024513,1,1,1.0
2016-3,E01024522,1,1,1.0
2016-3,E01024524,1,1,1.0
2016-3,E01024529,1,1,1.0
2016-3,E01024535,1,1,1.0
2016-3,E01024541,1,1,1.0
2016-3,E01024542,2,1,2.0
2016-3,E01024550,2,2,1.0
2016-3,E01024556,2,1,2.0
2016-3,E01024561,1,1,1.0
2016-3,E01024564,1,1,1.0
2016-3,E01024568,2,2,1.0
2016-3,E01024572,2,2,1.0
2016-3,E01024573,1,1,1.0
2016-3,E01024577,1,1,1.0
2016-3,E01024584,1,1,1.0
2016-3,E01024608,1,1,1.0
2016-3,E01024615,1,1,1.0
2016-3,E01024625,1,1,1.0
2016-3,E01024632,1,1,1.0
2016-3,E01024633,1,1,1.0
2016-3,E01024638,1,1,1.0
2016-3,E01024643,4,2,2.0
2016-3,E01024645,1,1,1.0
2016-3,E01024646,3,3,1.0
2016-3,E01024649,4,2,2.0
2016-3,E01024650,1,1,1.0
2016-3,E01024651,3,1,3.0
2016-3,E01024652,1,1,1.0
2016-3,E01024654,1,1,1.0
2016-3,E01024657,3,2,1.5
2016-3,E01024658,11,3,3.6666666666666665
2016-3,E01024659,4,3,1.3333333333333333
2016-3,E01024660,4,2,2.0
2016-3,E01024661,2,2,1.0
2016-3,E01024662,1,1,1.0
2016-3,E01024663,3,1,3.0
2016-3,E01024664,4,4,1.0
2016-3,E01024666,1,1,1.0
2016-3,E01024667,1,1,1.0
2016-3,E01024671,1,1,1.0
2016-3,E01024675,1,1,1.0
2016-3,E01024676,3,3,1.0
2016-3,E01024678,2,1,2.0
2016-3,E01024680,1,1,1.0
2016-3,E01024687,1,1,1.0
2016-3,E01024690,2,1,2.0
2016-3,E01024691,1,1,1.0
2016-3,E01024692,1,1,1.0
2016-3,E01024693,1,1,1.0
2016-3,E01024698,1,1,1.0
2016-3,E01024701,2,2,1.0
2016-3,E01024703,1,1,1.0
2016-3,E01024704,1,1,1.0
2016-3,E01024705,2,1,2.0
2016-3,E01024707,1,1,1.0
2016-3,E01024708,1,1,1.0
2016-3,E01024710,1,1,1.0
2016-3,E01024714,1,1,1.0
2016-3,E01024717,1,1,1.0
2016-3,E01024721,1,1,1.0
2016-3,E01024724,1,1,1.0
2016-3,E01024727,1,1,1.0
2016-3,E01024730,1,1,1.0
2016-3,E01024732,1,1,1.0
2016-3,E01024740,2,2,1.0
2016-3,E01024743,1,1,1.0
2016-3,E01024748,1,1,1.0
2016-3,E01024758,1,1,1.0
2016-3,E01024768,2,1,2.0
2016-3,E01024783,1,1,1.0
2016-3,E01024784,2,2,1.0
2016-3,E01024786,1,1,1.0
2016-3,E01024787,1,1,1.0
2016-3,E01024788,1,1,1.0
2016-3,E01024792,1,1,1.0
2016-3,E01024793,2,1,2.0
2016-3,E01024796,2,2,1.0
2016-3,E01024798,3,2,1.5
2016-3,E01024800,1,1,1.0
2016-3,E01024803,2,2,1.0
2016-3,E01024810,1,1,1.0
2016-3,E01024817,1,1,1.0
2016-3,E01024818,2,2,1.0
2016-3,E01024821,1,1,1.0
2016-3,E01024824,2,2,1.0
2016-3,E01024825,3,1,3.0
2016-3,E01024835,1,1,1.0
2016-3,E01024839,1,1,1.0
2016-3,E01024841,1,1,1.0
2016-3,E01024845,1,1,1.0
2016-3,E01024846,3,1,3.0
2016-3,E01024849,1,1,1.0
2016-3,E01024851,1,1,1.0
2016-3,E01024854,1,1,1.0
2016-3,E01024855,1,1,1.0
2016-3,E01024858,1,1,1.0
2016-3,E01024863,3,2,1.5
2016-3,E01024864,1,1,1.0
2016-3,E01024866,1,1,1.0
2016-3,E01024870,1,1,1.0
2016-3,E01024873,1,1,1.0
2016-3,E01024878,1,1,1.0
2016-3,E01024885,1,1,1.0
2016-3,E01024893,1,1,1.0
2016-3,E01024907,3,2,1.5
2016-3,E01024909,1,1,1.0
2016-3,E01024915,1,1,1.0
2016-3,E01024918,1,1,1.0
2016-3,E01024919,1,1,1.0
2016-3,E01024921,1,1,1.0
2016-3,E01024923,2,2,1.0
2016-3,E01024927,1,1,1.0
2016-3,E01024928,2,2,1.0
2016-3,E01024930,1,1,1.0
2016-3,E01024936,2,1,2.0
2016-3,E01024939,1,1,1.0
2016-3,E01024943,7,1,7.0
2016-3,E01024945,2,2,1.0
2016-3,E01024946,1,1,1.0
2016-3,E01024953,1,1,1.0
2016-3,E01024958,2,1,2.0
2016-3,E01024959,3,1,3.0
2016-3,E01024960,3,1,3.0
2016-3,E01024961,4,4,1.0
2016-3,E01024967,1,1,1.0
2016-3,E01024971,1,1,1.0
2016-3,E01024973,5,2,2.5
2016-3,E01024974,1,1,1.0
2016-3,E01024975,1,1,1.0
2016-3,E01024977,3,3,1.0
2016-3,E01024978,7,2,3.5
2016-3,E01024979,1,1,1.0
2016-3,E01024980,3,2,1.5
2016-3,E01024981,2,2,1.0
2016-3,E01024990,1,1,1.0
2016-3,E01025002,1,1,1.0
2016-3,E01025007,1,1,1.0
2016-3,E01025014,2,1,2.0
2016-3,E01025027,2,2,1.0
2016-3,E01025030,1,1,1.0
2016-3,E01025031,3,3,1.0
2016-3,E01025046,1,1,1.0
2016-3,E01025049,1,1,1.0
2016-3,E01025053,1,1,1.0
2016-3,E01025062,1,1,1.0
2016-3,E01025065,2,2,1.0
2016-3,E01025068,1,1,1.0
2016-3,E01025080,3,2,1.5
2016-3,E01025083,1,1,1.0
2016-3,E01025085,3,2,1.5
2016-3,E01025087,1,1,1.0
2016-3,E01025094,1,1,1.0
2016-3,E01025099,4,4,1.0
2016-3,E01025101,2,2,1.0
2016-3,E01025107,1,1,1.0
2016-3,E01025108,1,1,1.0
2016-3,E01025111,2,2,1.0
2016-3,E01025112,2,1,2.0
2016-3,E01025115,2,1,2.0
2016-3,E01025120,4,1,4.0
2016-3,E01025123,2,2,1.0
2016-3,E01025130,1,1,1.0
2016-3,E01025139,1,1,1.0
2016-3,E01025142,1,1,1.0
2016-3,E01025149,1,1,1.0
2016-3,E01025151,1,1,1.0
2016-3,E01025152,1,1,1.0
2016-3,E01025154,1,1,1.0
2016-3,E01025165,1,1,1.0
2016-3,E01025167,1,1,1.0
2016-3,E01025170,1,1,1.0
2016-3,E01025172,3,3,1.0
2016-3,E01025175,1,1,1.0
2016-3,E01025177,1,1,1.0
2016-3,E01025188,1,1,1.0
2016-3,E01025192,1,1,1.0
2016-3,E01025193,1,1,1.0
2016-3,E01025194,1,1,1.0
2016-3,E01025195,1,1,1.0
2016-3,E01025202,1,1,1.0
2016-3,E01025203,2,2,1.0
2016-3,E01025214,1,1,1.0
2016-3,E01025219,1,1,1.0
2016-3,E01025224,1,1,1.0
2016-3,E01025233,1,1,1.0
2016-3,E01025242,1,1,1.0
2016-3,E01025255,2,2,1.0
2016-3,E01025263,1,1,1.0
2016-3,E01025269,1,1,1.0
2016-3,E01025272,1,1,1.0
2016-3,E01025273,1,1,1.0
2016-3,E01025276,3,3,1.0
2016-3,E01025277,1,1,1.0
2016-3,E01025279,3,2,1.5
2016-3,E01025280,2,2,1.0
2016-3,E01025284,1,1,1.0
2016-3,E01025286,1,1,1.0
2016-3,E01025288,1,1,1.0
2016-3,E01025289,1,1,1.0
2016-3,E01025294,1,1,1.0
2016-3,E01025295,2,1,2.0
2016-3,E01025300,3,1,3.0
2016-3,E01025303,1,1,1.0
2016-3,E01025312,3,2,1.5
2016-3,E01025316,1,1,1.0
2016-3,E01025320,1,1,1.0
2016-3,E01025321,1,1,1.0
2016-3,E01025327,1,1,1.0
2016-3,E01025329,2,1,2.0
2016-3,E01025331,1,1,1.0
2016-3,E01025333,3,3,1.0
2016-3,E01025336,1,1,1.0
2016-3,E01025337,2,1,2.0
2016-3,E01025338,14,1,14.0
2016-3,E01025339,5,1,5.0
2016-3,E01025343,1,1,1.0
2016-3,E01025347,1,1,1.0
2016-3,E01025349,1,1,1.0
2016-3,E01025352,1,1,1.0
2016-3,E01025354,1,1,1.0
2016-3,E01025356,1,1,1.0
2016-3,E01025358,2,2,1.0
2016-3,E01025364,1,1,1.0
2016-3,E01025368,2,1,2.0
2016-3,E01025369,2,1,2.0
2016-3,E01025370,1,1,1.0
2016-3,E01025382,2,1,2.0
2016-3,E01025384,1,1,1.0
2016-3,E01025388,1,1,1.0
2016-3,E01025389,1,1,1.0
2016-3,E01025391,1,1,1.0
2016-3,E01025393,1,1,1.0
2016-3,E01025395,17,2,8.5
2016-3,E01025396,2,2,1.0
2016-3,E01025397,3,1,3.0
2016-3,E01025401,1,1,1.0
2016-3,E01025402,1,1,1.0
2016-3,E01025403,1,1,1.0
2016-3,E01025405,4,2,2.0
2016-3,E01025407,1,1,1.0
2016-3,E01025408,2,2,1.0
2016-3,E01025410,2,1,2.0
2016-3,E01025417,1,1,1.0
2016-3,E01025418,1,1,1.0
2016-3,E01025419,1,1,1.0
2016-3,E01025420,1,1,1.0
2016-3,E01025421,1,1,1.0
2016-3,E01025423,1,1,1.0
2016-3,E01025429,3,3,1.0
2016-3,E01025431,1,1,1.0
2016-3,E01025435,1,1,1.0
2016-3,E01025436,1,1,1.0
2016-3,E01025444,1,1,1.0
2016-3,E01025446,3,3,1.0
2016-3,E01025452,2,1,2.0
2016-3,E01025455,1,1,1.0
2016-3,E01025457,1,1,1.0
2016-3,E01025458,1,1,1.0
2016-3,E01025464,1,1,1.0
2016-3,E01025465,2,1,2.0
2016-3,E01025467,1,1,1.0
2016-3,E01025470,1,1,1.0
2016-3,E01025474,1,1,1.0
2016-3,E01025479,2,2,1.0
2016-3,E01025482,2,1,2.0
2016-3,E01025485,1,1,1.0
2016-3,E01025487,1,1,1.0
2016-3,E01025489,1,1,1.0
2016-3,E01025491,1,1,1.0
2016-3,E01025494,1,1,1.0
2016-3,E01025499,1,1,1.0
2016-3,E01025502,1,1,1.0
2016-3,E01025505,1,1,1.0
2016-3,E01025506,21,5,4.2
2016-3,E01025509,1,1,1.0
2016-3,E01025510,4,1,4.0
2016-3,E01025511,1,1,1.0
2016-3,E01025513,1,1,1.0
2016-3,E01025515,1,1,1.0
2016-3,E01025522,1,1,1.0
2016-3,E01025529,2,1,2.0
2016-3,E01025531,1,1,1.0
2016-3,E01025537,1,1,1.0
2016-3,E01025539,2,2,1.0
2016-3,E01025540,2,1,2.0
2016-3,E01025545,1,1,1.0
2016-3,E01025546,2,1,2.0
2016-3,E01025547,1,1,1.0
2016-3,E01025550,1,1,1.0
2016-3,E01025553,4,3,1.3333333333333333
2016-3,E01025559,1,1,1.0
2016-3,E01025565,1,1,1.0
2016-3,E01025566,1,1,1.0
2016-3,E01025569,3,3,1.0
2016-3,E01025575,1,1,1.0
2016-3,E01025576,1,1,1.0
2016-3,E01025587,1,1,1.0
2016-3,E01025595,1,1,1.0
2016-3,E01025600,1,1,1.0
2016-3,E01025602,1,1,1.0
2016-3,E01025604,2,2,1.0
2016-3,E01025613,1,1,1.0
2016-3,E01025618,2,2,1.0
2016-3,E01025621,1,1,1.0
2016-3,E01025626,6,3,2.0
2016-3,E01025630,1,1,1.0
2016-3,E01025643,1,1,1.0
2016-3,E01025645,4,1,4.0
2016-3,E01025650,1,1,1.0
2016-3,E01025655,1,1,1.0
2016-3,E01025664,2,1,2.0
2016-3,E01025668,1,1,1.0
2016-3,E01025671,1,1,1.0
2016-3,E01025675,1,1,1.0
2016-3,E01025679,1,1,1.0
2016-3,E01025683,1,1,1.0
2016-3,E01025687,2,1,2.0
2016-3,E01025689,1,1,1.0
2016-3,E01025692,1,1,1.0
2016-3,E01025695,1,1,1.0
2016-3,E01025704,1,1,1.0
2016-3,E01025706,1,1,1.0
2016-3,E01025737,3,1,3.0
2016-3,E01025740,1,1,1.0
2016-3,E01025742,1,1,1.0
2016-3,E01025749,1,1,1.0
2016-3,E01025766,1,1,1.0
2016-3,E01025770,3,2,1.5
2016-3,E01025771,1,1,1.0
2016-3,E01025781,1,1,1.0
2016-3,E01025783,1,1,1.0
2016-3,E01025785,3,3,1.0
2016-3,E01025786,4,3,1.3333333333333333
2016-3,E01025787,1,1,1.0
2016-3,E01025790,1,1,1.0
2016-3,E01025793,1,1,1.0
2016-3,E01025796,1,1,1.0
2016-3,E01025797,1,1,1.0
2016-3,E01025798,10,4,2.5
2016-3,E01025799,1,1,1.0
2016-3,E01025801,1,1,1.0
2016-3,E01025805,2,1,2.0
2016-3,E01025807,2,1,2.0
2016-3,E01025808,5,2,2.5
2016-3,E01025809,1,1,1.0
2016-3,E01025815,2,2,1.0
2016-3,E01025816,1,1,1.0
2016-3,E01025819,1,1,1.0
2016-3,E01025825,1,1,1.0
2016-3,E01025826,1,1,1.0
2016-3,E01025829,1,1,1.0
2016-3,E01025831,1,1,1.0
2016-3,E01025835,1,1,1.0
2016-3,E01025842,1,1,1.0
2016-3,E01025849,1,1,1.0
2016-3,E01025852,1,1,1.0
2016-3,E01025854,1,1,1.0
2016-3,E01025855,1,1,1.0
2016-3,E01025860,1,1,1.0
2016-3,E01025864,1,1,1.0
2016-3,E01025871,1,1,1.0
2016-3,E01025885,1,1,1.0
2016-3,E01025886,3,3,1.0
2016-3,E01025888,1,1,1.0
2016-3,E01025904,2,1,2.0
2016-3,E01025909,2,1,2.0
2016-3,E01025910,1,1,1.0
2016-3,E01025913,1,1,1.0
2016-3,E01025917,1,1,1.0
2016-3,E01025920,1,1,1.0
2016-3,E01025924,1,1,1.0
2016-3,E01025934,1,1,1.0
2016-3,E01025945,3,2,1.5
2016-3,E01025947,1,1,1.0
2016-3,E01025951,1,1,1.0
2016-3,E01025963,1,1,1.0
2016-3,E01025972,1,1,1.0
2016-3,E01025974,1,1,1.0
2016-3,E01025983,1,1,1.0
2016-3,E01025990,1,1,1.0
2016-3,E01025992,1,1,1.0
2016-3,E01026003,1,1,1.0
2016-3,E01026017,1,1,1.0
2016-3,E01026020,1,1,1.0
2016-3,E01026021,1,1,1.0
2016-3,E01026022,1,1,1.0
2016-3,E01026027,1,1,1.0
2016-3,E01026033,1,1,1.0
2016-3,E01026037,1,1,1.0
2016-3,E01026059,1,1,1.0
2016-3,E01026063,1,1,1.0
2016-3,E01026070,1,1,1.0
2016-3,E01026073,2,2,1.0
2016-3,E01026076,1,1,1.0
2016-3,E01026082,1,1,1.0
2016-3,E01026092,1,1,1.0
2016-3,E01026093,1,1,1.0
2016-3,E01026094,1,1,1.0
2016-3,E01026099,1,1,1.0
2016-3,E01026109,1,1,1.0
2016-3,E01026110,5,1,5.0
2016-3,E01026111,2,2,1.0
2016-3,E01026112,3,1,3.0
2016-3,E01026115,2,1,2.0
2016-3,E01026116,1,1,1.0
2016-3,E01026120,1,1,1.0
2016-3,E01026121,1,1,1.0
2016-3,E01026123,2,2,1.0
2016-3,E01026132,1,1,1.0
2016-3,E01026147,1,1,1.0
2016-3,E01026153,1,1,1.0
2016-3,E01026154,1,1,1.0
2016-3,E01026157,2,1,2.0
2016-3,E01026168,2,1,2.0
2016-3,E01026175,3,1,3.0
2016-3,E01026176,4,2,2.0
2016-3,E01026177,1,1,1.0
2016-3,E01026178,1,1,1.0
2016-3,E01026179,1,1,1.0
2016-3,E01026180,3,1,3.0
2016-3,E01026183,1,1,1.0
2016-3,E01026189,3,3,1.0
2016-3,E01026192,4,1,4.0
2016-3,E01026193,1,1,1.0
2016-3,E01026195,1,1,1.0
2016-3,E01026196,3,1,3.0
2016-3,E01026199,7,3,2.3333333333333335
2016-3,E01026203,2,2,1.0
2016-3,E01026205,1,1,1.0
2016-3,E01026206,1,1,1.0
2016-3,E01026208,1,1,1.0
2016-3,E01026209,1,1,1.0
2016-3,E01026212,1,1,1.0
2016-3,E01026213,2,2,1.0
2016-3,E01026214,2,1,2.0
2016-3,E01026218,2,2,1.0
2016-3,E01026221,4,3,1.3333333333333333
2016-3,E01026224,1,1,1.0
2016-3,E01026225,1,1,1.0
2016-3,E01026227,1,1,1.0
2016-3,E01026231,5,3,1.6666666666666667
2016-3,E01026232,1,1,1.0
2016-3,E01026233,1,1,1.0
2016-3,E01026239,5,2,2.5
2016-3,E01026242,1,1,1.0
2016-3,E01026245,4,3,1.3333333333333333
2016-3,E01026248,1,1,1.0
2016-3,E01026252,1,1,1.0
2016-3,E01026254,6,1,6.0
2016-3,E01026258,1,1,1.0
2016-3,E01026268,2,1,2.0
2016-3,E01026269,2,2,1.0
2016-3,E01026270,4,1,4.0
2016-3,E01026284,1,1,1.0
2016-3,E01026288,1,1,1.0
2016-3,E01026291,1,1,1.0
2016-3,E01026293,2,2,1.0
2016-3,E01026313,2,2,1.0
2016-3,E01026314,1,1,1.0
2016-3,E01026315,2,2,1.0
2016-3,E01026316,4,1,4.0
2016-3,E01026317,1,1,1.0
2016-3,E01026321,1,1,1.0
2016-3,E01026328,1,1,1.0
2016-3,E01026331,2,2,1.0
2016-3,E01026332,6,3,2.0
2016-3,E01026335,3,3,1.0
2016-3,E01026336,1,1,1.0
2016-3,E01026347,1,1,1.0
2016-3,E01026350,1,1,1.0
2016-3,E01026362,1,1,1.0
2016-3,E01026363,1,1,1.0
2016-3,E01026369,3,3,1.0
2016-3,E01026370,1,1,1.0
2016-3,E01026383,1,1,1.0
2016-3,E01026389,1,1,1.0
2016-3,E01026390,1,1,1.0
2016-3,E01026400,2,2,1.0
2016-3,E01026414,1,1,1.0
2016-3,E01026415,1,1,1.0
2016-3,E01026425,1,1,1.0
2016-3,E01026426,1,1,1.0
2016-3,E01026427,1,1,1.0
2016-3,E01026428,2,1,2.0
2016-3,E01026430,1,1,1.0
2016-3,E01026432,1,1,1.0
2016-3,E01026438,1,1,1.0
2016-3,E01026440,1,1,1.0
2016-3,E01026441,1,1,1.0
2016-3,E01026442,1,1,1.0
2016-3,E01026445,1,1,1.0
2016-3,E01026446,1,1,1.0
2016-3,E01026447,1,1,1.0
2016-3,E01026449,1,1,1.0
2016-3,E01026451,2,1,2.0
2016-3,E01026465,1,1,1.0
2016-3,E01026466,1,1,1.0
2016-3,E01026469,1,1,1.0
2016-3,E01026474,1,1,1.0
2016-3,E01026476,1,1,1.0
2016-3,E01026477,1,1,1.0
2016-3,E01026485,1,1,1.0
2016-3,E01026493,1,1,1.0
2016-3,E01026524,2,2,1.0
2016-3,E01026535,1,1,1.0
2016-3,E01026536,1,1,1.0
2016-3,E01026548,1,1,1.0
2016-3,E01026561,1,1,1.0
2016-3,E01026569,1,1,1.0
2016-3,E01026576,1,1,1.0
2016-3,E01026587,1,1,1.0
2016-3,E01026588,1,1,1.0
2016-3,E01026591,1,1,1.0
2016-3,E01026597,2,2,1.0
2016-3,E01026611,6,1,6.0
2016-3,E01026612,6,1,6.0
2016-3,E01026616,1,1,1.0
2016-3,E01026618,2,1,2.0
2016-3,E01026626,1,1,1.0
2016-3,E01026634,1,1,1.0
2016-3,E01026635,1,1,1.0
2016-3,E01026644,1,1,1.0
2016-3,E01026659,1,1,1.0
2016-3,E01026665,45,1,45.0
2016-3,E01026679,1,1,1.0
2016-3,E01026688,1,1,1.0
2016-3,E01026690,1,1,1.0
2016-3,E01026691,1,1,1.0
2016-3,E01026696,2,1,2.0
2016-3,E01026699,1,1,1.0
2016-3,E01026700,1,1,1.0
2016-3,E01026704,1,1,1.0
2016-3,E01026710,1,1,1.0
2016-3,E01026717,1,1,1.0
2016-3,E01026720,1,1,1.0
2016-3,E01026723,2,1,2.0
2016-3,E01026725,1,1,1.0
2016-3,E01026726,1,1,1.0
2016-3,E01026730,1,1,1.0
2016-3,E01026733,1,1,1.0
2016-3,E01026740,3,3,1.0
2016-3,E01026745,1,1,1.0
2016-3,E01026750,2,2,1.0
2016-3,E01026751,2,2,1.0
2016-3,E01026757,1,1,1.0
2016-3,E01026763,2,1,2.0
2016-3,E01026765,1,1,1.0
2016-3,E01026769,1,1,1.0
2016-3,E01026770,1,1,1.0
2016-3,E01026780,6,1,6.0
2016-3,E01026782,1,1,1.0
2016-3,E01026783,1,1,1.0
2016-3,E01026786,1,1,1.0
2016-3,E01026788,1,1,1.0
2016-3,E01026796,1,1,1.0
2016-3,E01026810,1,1,1.0
2016-3,E01026811,1,1,1.0
2016-3,E01026812,1,1,1.0
2016-3,E01026813,1,1,1.0
2016-3,E01026815,1,1,1.0
2016-3,E01026816,1,1,1.0
2016-3,E01026818,1,1,1.0
2016-3,E01026819,1,1,1.0
2016-3,E01026821,1,1,1.0
2016-3,E01026822,1,1,1.0
2016-3,E01026823,1,1,1.0
2016-3,E01026845,1,1,1.0
2016-3,E01026846,1,1,1.0
2016-3,E01026853,1,1,1.0
2016-3,E01026857,2,2,1.0
2016-3,E01026861,1,1,1.0
2016-3,E01026863,1,1,1.0
2016-3,E01026868,2,1,2.0
2016-3,E01026873,2,1,2.0
2016-3,E01026874,3,2,1.5
2016-3,E01026879,4,1,4.0
2016-3,E01026882,2,2,1.0
2016-3,E01026883,1,1,1.0
2016-3,E01026889,2,2,1.0
2016-3,E01026891,1,1,1.0
2016-3,E01026898,1,1,1.0
2016-3,E01026901,2,1,2.0
2016-3,E01026902,1,1,1.0
2016-3,E01026905,1,1,1.0
2016-3,E01026908,2,2,1.0
2016-3,E01026924,1,1,1.0
2016-3,E01026925,1,1,1.0
2016-3,E01026928,1,1,1.0
2016-3,E01026929,1,1,1.0
2016-3,E01026933,1,1,1.0
2016-3,E01026937,2,2,1.0
2016-3,E01026949,1,1,1.0
2016-3,E01026951,3,1,3.0
2016-3,E01026956,2,2,1.0
2016-3,E01026957,1,1,1.0
2016-3,E01026961,1,1,1.0
2016-3,E01026978,1,1,1.0
2016-3,E01026986,1,1,1.0
2016-3,E01026998,1,1,1.0
2016-3,E01027004,1,1,1.0
2016-3,E01027011,1,1,1.0
2016-3,E01027016,2,2,1.0
2016-3,E01027017,2,1,2.0
2016-3,E01027029,2,1,2.0
2016-3,E01027031,2,1,2.0
2016-3,E01027032,1,1,1.0
2016-3,E01027035,1,1,1.0
2016-3,E01027044,1,1,1.0
2016-3,E01027047,1,1,1.0
2016-3,E01027052,1,1,1.0
2016-3,E01027053,3,2,1.5
2016-3,E01027063,1,1,1.0
2016-3,E01027065,1,1,1.0
2016-3,E01027068,2,2,1.0
2016-3,E01027089,1,1,1.0
2016-3,E01027101,1,1,1.0
2016-3,E01027104,1,1,1.0
2016-3,E01027110,1,1,1.0
2016-3,E01027113,1,1,1.0
2016-3,E01027136,1,1,1.0
2016-3,E01027138,2,1,2.0
2016-3,E01027139,1,1,1.0
2016-3,E01027141,1,1,1.0
2016-3,E01027151,1,1,1.0
2016-3,E01027153,1,1,1.0
2016-3,E01027156,2,1,2.0
2016-3,E01027159,2,2,1.0
2016-3,E01027164,1,1,1.0
2016-3,E01027167,3,2,1.5
2016-3,E01027173,1,1,1.0
2016-3,E01027195,2,2,1.0
2016-3,E01027197,1,1,1.0
2016-3,E01027199,1,1,1.0
2016-3,E01027202,1,1,1.0
2016-3,E01027210,1,1,1.0
2016-3,E01027215,3,2,1.5
2016-3,E01027216,2,2,1.0
2016-3,E01027218,1,1,1.0
2016-3,E01027223,1,1,1.0
2016-3,E01027225,1,1,1.0
2016-3,E01027226,2,2,1.0
2016-3,E01027227,1,1,1.0
2016-3,E01027233,3,1,3.0
2016-3,E01027235,2,2,1.0
2016-3,E01027238,1,1,1.0
2016-3,E01027248,5,1,5.0
2016-3,E01027254,1,1,1.0
2016-3,E01027266,1,1,1.0
2016-3,E01027276,1,1,1.0
2016-3,E01027280,1,1,1.0
2016-3,E01027282,3,3,1.0
2016-3,E01027286,2,1,2.0
2016-3,E01027287,1,1,1.0
2016-3,E01027288,1,1,1.0
2016-3,E01027289,1,1,1.0
2016-3,E01027290,2,2,1.0
2016-3,E01027291,3,2,1.5
2016-3,E01027298,1,1,1.0
2016-3,E01027303,1,1,1.0
2016-3,E01027304,3,2,1.5
2016-3,E01027305,1,1,1.0
2016-3,E01027315,2,1,2.0
2016-3,E01027326,1,1,1.0
2016-3,E01027329,1,1,1.0
2016-3,E01027335,1,1,1.0
2016-3,E01027336,1,1,1.0
2016-3,E01027343,1,1,1.0
2016-3,E01027354,3,1,3.0
2016-3,E01027356,2,1,2.0
2016-3,E01027365,2,2,1.0
2016-3,E01027366,3,1,3.0
2016-3,E01027367,1,1,1.0
2016-3,E01027368,2,1,2.0
2016-3,E01027369,3,1,3.0
2016-3,E01027370,1,1,1.0
2016-3,E01027374,1,1,1.0
2016-3,E01027375,1,1,1.0
2016-3,E01027376,1,1,1.0
2016-3,E01027380,6,2,3.0
2016-3,E01027384,1,1,1.0
2016-3,E01027390,2,2,1.0
2016-3,E01027405,1,1,1.0
2016-3,E01027410,1,1,1.0
2016-3,E01027418,1,1,1.0
2016-3,E01027425,1,1,1.0
2016-3,E01027430,1,1,1.0
2016-3,E01027431,1,1,1.0
2016-3,E01027447,1,1,1.0
2016-3,E01027450,1,1,1.0
2016-3,E01027452,1,1,1.0
2016-3,E01027466,1,1,1.0
2016-3,E01027469,1,1,1.0
2016-3,E01027488,3,1,3.0
2016-3,E01027498,1,1,1.0
2016-3,E01027508,2,1,2.0
2016-3,E01027512,1,1,1.0
2016-3,E01027515,1,1,1.0
2016-3,E01027518,1,1,1.0
2016-3,E01027536,1,1,1.0
2016-3,E01027550,1,1,1.0
2016-3,E01027555,1,1,1.0
2016-3,E01027562,1,1,1.0
2016-3,E01027563,1,1,1.0
2016-3,E01027564,1,1,1.0
2016-3,E01027571,1,1,1.0
2016-3,E01027576,1,1,1.0
2016-3,E01027581,1,1,1.0
2016-3,E01027584,1,1,1.0
2016-3,E01027586,2,2,1.0
2016-3,E01027590,1,1,1.0
2016-3,E01027591,1,1,1.0
2016-3,E01027596,1,1,1.0
2016-3,E01027604,1,1,1.0
2016-3,E01027606,3,3,1.0
2016-3,E01027607,1,1,1.0
2016-3,E01027611,1,1,1.0
2016-3,E01027612,1,1,1.0
2016-3,E01027613,4,3,1.3333333333333333
2016-3,E01027616,1,1,1.0
2016-3,E01027617,1,1,1.0
2016-3,E01027619,1,1,1.0
2016-3,E01027623,1,1,1.0
2016-3,E01027626,1,1,1.0
2016-3,E01027627,1,1,1.0
2016-3,E01027635,1,1,1.0
2016-3,E01027640,1,1,1.0
2016-3,E01027643,1,1,1.0
2016-3,E01027646,1,1,1.0
2016-3,E01027649,2,2,1.0
2016-3,E01027650,2,1,2.0
2016-3,E01027651,1,1,1.0
2016-3,E01027652,2,2,1.0
2016-3,E01027653,1,1,1.0
2016-3,E01027654,1,1,1.0
2016-3,E01027659,1,1,1.0
2016-3,E01027661,1,1,1.0
2016-3,E01027663,1,1,1.0
2016-3,E01027664,1,1,1.0
2016-3,E01027669,1,1,1.0
2016-3,E01027670,1,1,1.0
2016-3,E01027671,4,3,1.3333333333333333
2016-3,E01027672,1,1,1.0
2016-3,E01027684,1,1,1.0
2016-3,E01027686,1,1,1.0
2016-3,E01027688,1,1,1.0
2016-3,E01027689,2,2,1.0
2016-3,E01027690,1,1,1.0
2016-3,E01027692,4,1,4.0
2016-3,E01027693,1,1,1.0
2016-3,E01027700,1,1,1.0
2016-3,E01027703,3,3,1.0
2016-3,E01027704,1,1,1.0
2016-3,E01027706,1,1,1.0
2016-3,E01027707,1,1,1.0
2016-3,E01027712,1,1,1.0
2016-3,E01027713,1,1,1.0
2016-3,E01027716,2,1,2.0
2016-3,E01027719,4,2,2.0
2016-3,E01027720,1,1,1.0
2016-3,E01027721,1,1,1.0
2016-3,E01027723,2,1,2.0
2016-3,E01027724,1,1,1.0
2016-3,E01027728,1,1,1.0
2016-3,E01027730,1,1,1.0
2016-3,E01027734,3,2,1.5
2016-3,E01027739,4,3,1.3333333333333333
2016-3,E01027742,1,1,1.0
2016-3,E01027745,1,1,1.0
2016-3,E01027767,3,1,3.0
2016-3,E01027770,1,1,1.0
2016-3,E01027773,2,1,2.0
2016-3,E01027774,1,1,1.0
2016-3,E01027778,2,1,2.0
2016-3,E01027779,2,1,2.0
2016-3,E01027781,1,1,1.0
2016-3,E01027782,1,1,1.0
2016-3,E01027786,1,1,1.0
2016-3,E01027789,1,1,1.0
2016-3,E01027793,1,1,1.0
2016-3,E01027796,4,2,2.0
2016-3,E01027797,3,2,1.5
2016-3,E01027798,4,1,4.0
2016-3,E01027799,1,1,1.0
2016-3,E01027831,1,1,1.0
2016-3,E01027858,1,1,1.0
2016-3,E01027863,1,1,1.0
2016-3,E01027875,1,1,1.0
2016-3,E01027882,1,1,1.0
2016-3,E01027904,3,2,1.5
2016-3,E01027910,1,1,1.0
2016-3,E01027915,1,1,1.0
2016-3,E01027916,1,1,1.0
2016-3,E01027917,1,1,1.0
2016-3,E01027923,5,2,2.5
2016-3,E01027924,3,2,1.5
2016-3,E01027927,1,1,1.0
2016-3,E01027929,1,1,1.0
2016-3,E01027931,1,1,1.0
2016-3,E01027933,1,1,1.0
2016-3,E01027936,1,1,1.0
2016-3,E01027940,1,1,1.0
2016-3,E01027943,1,1,1.0
2016-3,E01027947,2,2,1.0
2016-3,E01027948,1,1,1.0
2016-3,E01027950,1,1,1.0
2016-3,E01027951,1,1,1.0
2016-3,E01027953,1,1,1.0
2016-3,E01027954,1,1,1.0
2016-3,E01027957,1,1,1.0
2016-3,E01027959,1,1,1.0
2016-3,E01027965,1,1,1.0
2016-3,E01027981,4,4,1.0
2016-3,E01027982,1,1,1.0
2016-3,E01027985,1,1,1.0
2016-3,E01027995,1,1,1.0
2016-3,E01027997,1,1,1.0
2016-3,E01028004,4,2,2.0
2016-3,E01028005,1,1,1.0
2016-3,E01028011,1,1,1.0
2016-3,E01028021,1,1,1.0
2016-3,E01028023,1,1,1.0
2016-3,E01028033,2,1,2.0
2016-3,E01028035,3,2,1.5
2016-3,E01028036,6,3,2.0
2016-3,E01028037,1,1,1.0
2016-3,E01028040,2,2,1.0
2016-3,E01028056,3,2,1.5
2016-3,E01028069,1,1,1.0
2016-3,E01028080,1,1,1.0
2016-3,E01028089,1,1,1.0
2016-3,E01028090,1,1,1.0
2016-3,E01028096,1,1,1.0
2016-3,E01028106,1,1,1.0
2016-3,E01028114,1,1,1.0
2016-3,E01028118,1,1,1.0
2016-3,E01028121,1,1,1.0
2016-3,E01028123,1,1,1.0
2016-3,E01028126,1,1,1.0
2016-3,E01028128,1,1,1.0
2016-3,E01028133,2,2,1.0
2016-3,E01028136,1,1,1.0
2016-3,E01028137,1,1,1.0
2016-3,E01028139,1,1,1.0
2016-3,E01028155,2,1,2.0
2016-3,E01028169,1,1,1.0
2016-3,E01028174,1,1,1.0
2016-3,E01028194,2,1,2.0
2016-3,E01028217,1,1,1.0
2016-3,E01028225,1,1,1.0
2016-3,E01028231,1,1,1.0
2016-3,E01028280,1,1,1.0
2016-3,E01028293,1,1,1.0
2016-3,E01028294,1,1,1.0
2016-3,E01028306,1,1,1.0
2016-3,E01028307,1,1,1.0
2016-3,E01028317,1,1,1.0
2016-3,E01028327,1,1,1.0
2016-3,E01028330,1,1,1.0
2016-3,E01028339,1,1,1.0
2016-3,E01028343,1,1,1.0
2016-3,E01028349,5,2,2.5
2016-3,E01028352,1,1,1.0
2016-3,E01028365,1,1,1.0
2016-3,E01028371,2,2,1.0
2016-3,E01028375,2,1,2.0
2016-3,E01028379,1,1,1.0
2016-3,E01028389,1,1,1.0
2016-3,E01028401,1,1,1.0
2016-3,E01028406,1,1,1.0
2016-3,E01028408,1,1,1.0
2016-3,E01028411,3,2,1.5
2016-3,E01028414,1,1,1.0
2016-3,E01028423,1,1,1.0
2016-3,E01028424,2,2,1.0
2016-3,E01028425,2,1,2.0
2016-3,E01028427,1,1,1.0
2016-3,E01028428,3,2,1.5
2016-3,E01028429,3,2,1.5
2016-3,E01028430,4,3,1.3333333333333333
2016-3,E01028431,3,1,3.0
2016-3,E01028432,2,2,1.0
2016-3,E01028433,2,1,2.0
2016-3,E01028435,3,2,1.5
2016-3,E01028437,4,4,1.0
2016-3,E01028438,2,2,1.0
2016-3,E01028439,1,1,1.0
2016-3,E01028440,1,1,1.0
2016-3,E01028441,4,1,4.0
2016-3,E01028446,2,2,1.0
2016-3,E01028447,1,1,1.0
2016-3,E01028448,3,1,3.0
2016-3,E01028449,4,4,1.0
2016-3,E01028450,1,1,1.0
2016-3,E01028451,6,2,3.0
2016-3,E01028452,2,2,1.0
2016-3,E01028453,1,1,1.0
2016-3,E01028454,4,2,2.0
2016-3,E01028457,1,1,1.0
2016-3,E01028458,1,1,1.0
2016-3,E01028460,1,1,1.0
2016-3,E01028462,2,2,1.0
2016-3,E01028464,1,1,1.0
2016-3,E01028465,3,3,1.0
2016-3,E01028467,3,3,1.0
2016-3,E01028468,5,3,1.6666666666666667
2016-3,E01028473,1,1,1.0
2016-3,E01028475,10,2,5.0
2016-3,E01028476,1,1,1.0
2016-3,E01028480,3,3,1.0
2016-3,E01028483,1,1,1.0
2016-3,E01028486,12,6,2.0
2016-3,E01028488,3,2,1.5
2016-3,E01028491,1,1,1.0
2016-3,E01028492,2,2,1.0
2016-3,E01028493,2,2,1.0
2016-3,E01028497,3,2,1.5
2016-3,E01028498,2,2,1.0
2016-3,E01028499,3,3,1.0
2016-3,E01028500,4,2,2.0
2016-3,E01028502,1,1,1.0
2016-3,E01028503,1,1,1.0
2016-3,E01028504,3,2,1.5
2016-3,E01028508,1,1,1.0
2016-3,E01028509,1,1,1.0
2016-3,E01028510,2,2,1.0
2016-3,E01028511,1,1,1.0
2016-3,E01028519,1,1,1.0
2016-3,E01028521,3,3,1.0
2016-3,E01028522,1,1,1.0
2016-3,E01028524,1,1,1.0
2016-3,E01028525,3,1,3.0
2016-3,E01028526,1,1,1.0
2016-3,E01028527,1,1,1.0
2016-3,E01028528,1,1,1.0
2016-3,E01028530,2,1,2.0
2016-3,E01028531,3,2,1.5
2016-3,E01028532,2,1,2.0
2016-3,E01028537,1,1,1.0
2016-3,E01028539,1,1,1.0
2016-3,E01028540,3,2,1.5
2016-3,E01028542,1,1,1.0
2016-3,E01028545,2,1,2.0
2016-3,E01028547,4,2,2.0
2016-3,E01028557,1,1,1.0
2016-3,E01028562,1,1,1.0
2016-3,E01028568,1,1,1.0
2016-3,E01028570,2,2,1.0
2016-3,E01028574,2,1,2.0
2016-3,E01028577,1,1,1.0
2016-3,E01028582,1,1,1.0
2016-3,E01028587,1,1,1.0
2016-3,E01028588,2,1,2.0
2016-3,E01028591,1,1,1.0
2016-3,E01028594,1,1,1.0
2016-3,E01028597,1,1,1.0
2016-3,E01028598,1,1,1.0
2016-3,E01028599,3,2,1.5
2016-3,E01028603,1,1,1.0
2016-3,E01028604,2,1,2.0
2016-3,E01028606,1,1,1.0
2016-3,E01028607,1,1,1.0
2016-3,E01028609,1,1,1.0
2016-3,E01028611,3,3,1.0
2016-3,E01028617,2,1,2.0
2016-3,E01028618,5,4,1.25
2016-3,E01028620,6,6,1.0
2016-3,E01028621,3,2,1.5
2016-3,E01028623,2,1,2.0
2016-3,E01028626,1,1,1.0
2016-3,E01028629,1,1,1.0
2016-3,E01028630,1,1,1.0
2016-3,E01028631,3,1,3.0
2016-3,E01028634,1,1,1.0
2016-3,E01028635,1,1,1.0
2016-3,E01028637,3,2,1.5
2016-3,E01028638,3,3,1.0
2016-3,E01028639,3,2,1.5
2016-3,E01028640,5,2,2.5
2016-3,E01028641,2,1,2.0
2016-3,E01028642,1,1,1.0
2016-3,E01028644,4,4,1.0
2016-3,E01028645,5,4,1.25
2016-3,E01028646,2,1,2.0
2016-3,E01028647,2,2,1.0
2016-3,E01028648,5,4,1.25
2016-3,E01028649,39,6,6.5
2016-3,E01028650,1,1,1.0
2016-3,E01028651,2,2,1.0
2016-3,E01028652,2,2,1.0
2016-3,E01028653,4,3,1.3333333333333333
2016-3,E01028655,1,1,1.0
2016-3,E01028656,4,1,4.0
2016-3,E01028658,5,5,1.0
2016-3,E01028659,3,3,1.0
2016-3,E01028660,6,6,1.0
2016-3,E01028662,3,2,1.5
2016-3,E01028664,1,1,1.0
2016-3,E01028666,3,2,1.5
2016-3,E01028672,1,1,1.0
2016-3,E01028675,1,1,1.0
2016-3,E01028676,5,3,1.6666666666666667
2016-3,E01028677,2,1,2.0
2016-3,E01028679,1,1,1.0
2016-3,E01028680,1,1,1.0
2016-3,E01028681,2,2,1.0
2016-3,E01028683,1,1,1.0
2016-3,E01028686,2,2,1.0
2016-3,E01028688,1,1,1.0
2016-3,E01028691,1,1,1.0
2016-3,E01028696,4,2,2.0
2016-3,E01028697,1,1,1.0
2016-3,E01028698,1,1,1.0
2016-3,E01028703,2,1,2.0
2016-3,E01028704,3,2,1.5
2016-3,E01028705,1,1,1.0
2016-3,E01028708,3,3,1.0
2016-3,E01028709,1,1,1.0
2016-3,E01028710,2,2,1.0
2016-3,E01028711,3,3,1.0
2016-3,E01028712,4,3,1.3333333333333333
2016-3,E01028713,3,3,1.0
2016-3,E01028714,4,4,1.0
2016-3,E01028715,2,1,2.0
2016-3,E01028716,1,1,1.0
2016-3,E01028717,1,1,1.0
2016-3,E01028718,1,1,1.0
2016-3,E01028720,5,4,1.25
2016-3,E01028721,2,2,1.0
2016-3,E01028724,1,1,1.0
2016-3,E01028725,2,2,1.0
2016-3,E01028726,1,1,1.0
2016-3,E01028727,7,3,2.3333333333333335
2016-3,E01028729,4,4,1.0
2016-3,E01028730,5,3,1.6666666666666667
2016-3,E01028731,2,2,1.0
2016-3,E01028732,6,3,2.0
2016-3,E01028737,7,3,2.3333333333333335
2016-3,E01028738,7,5,1.4
2016-3,E01028739,2,2,1.0
2016-3,E01028741,3,3,1.0
2016-3,E01028742,1,1,1.0
2016-3,E01028743,1,1,1.0
2016-3,E01028745,2,2,1.0
2016-3,E01028747,3,3,1.0
2016-3,E01028749,28,4,7.0
2016-3,E01028750,1,1,1.0
2016-3,E01028751,3,3,1.0
2016-3,E01028752,3,1,3.0
2016-3,E01028753,3,2,1.5
2016-3,E01028754,1,1,1.0
2016-3,E01028755,1,1,1.0
2016-3,E01028756,6,4,1.5
2016-3,E01028757,1,1,1.0
2016-3,E01028761,4,2,2.0
2016-3,E01028762,14,11,1.2727272727272727
2016-3,E01028763,2,2,1.0
2016-3,E01028764,1,1,1.0
2016-3,E01028765,5,4,1.25
2016-3,E01028766,7,6,1.1666666666666667
2016-3,E01028767,2,2,1.0
2016-3,E01028771,2,2,1.0
2016-3,E01028772,1,1,1.0
2016-3,E01028775,4,2,2.0
2016-3,E01028776,1,1,1.0
2016-3,E01028777,2,1,2.0
2016-3,E01028778,5,3,1.6666666666666667
2016-3,E01028781,1,1,1.0
2016-3,E01028782,1,1,1.0
2016-3,E01028784,6,6,1.0
2016-3,E01028786,1,1,1.0
2016-3,E01028787,5,2,2.5
2016-3,E01028788,3,3,1.0
2016-3,E01028789,1,1,1.0
2016-3,E01028790,2,1,2.0
2016-3,E01028791,3,2,1.5
2016-3,E01028792,3,3,1.0
2016-3,E01028793,4,3,1.3333333333333333
2016-3,E01028795,1,1,1.0
2016-3,E01028798,6,2,3.0
2016-3,E01028799,1,1,1.0
2016-3,E01028800,4,3,1.3333333333333333
2016-3,E01028801,2,2,1.0
2016-3,E01028804,1,1,1.0
2016-3,E01028807,3,2,1.5
2016-3,E01028808,1,1,1.0
2016-3,E01028809,4,2,2.0
2016-3,E01028811,3,3,1.0
2016-3,E01028814,6,4,1.5
2016-3,E01028815,1,1,1.0
2016-3,E01028816,4,4,1.0
2016-3,E01028818,5,4,1.25
2016-3,E01028820,4,3,1.3333333333333333
2016-3,E01028822,1,1,1.0
2016-3,E01028823,1,1,1.0
2016-3,E01028824,1,1,1.0
2016-3,E01028826,1,1,1.0
2016-3,E01028840,4,2,2.0
2016-3,E01028842,1,1,1.0
2016-3,E01028845,1,1,1.0
2016-3,E01028866,1,1,1.0
2016-3,E01028873,1,1,1.0
2016-3,E01028875,2,2,1.0
2016-3,E01028876,3,3,1.0
2016-3,E01028878,6,4,1.5
2016-3,E01028879,4,2,2.0
2016-3,E01028882,1,1,1.0
2016-3,E01028885,4,3,1.3333333333333333
2016-3,E01028889,1,1,1.0
2016-3,E01028895,1,1,1.0
2016-3,E01028930,1,1,1.0
2016-3,E01028935,1,1,1.0
2016-3,E01028955,2,2,1.0
2016-3,E01028959,2,2,1.0
2016-3,E01029010,1,1,1.0
2016-3,E01029016,1,1,1.0
2016-3,E01029020,2,1,2.0
2016-3,E01029023,1,1,1.0
2016-3,E01029026,1,1,1.0
2016-3,E01029036,3,3,1.0
2016-3,E01029041,2,1,2.0
2016-3,E01029045,1,1,1.0
2016-3,E01029050,1,1,1.0
2016-3,E01029051,1,1,1.0
2016-3,E01029052,3,1,3.0
2016-3,E01029053,1,1,1.0
2016-3,E01029054,1,1,1.0
2016-3,E01029056,3,2,1.5
2016-3,E01029059,1,1,1.0
2016-3,E01029060,3,2,1.5
2016-3,E01029062,1,1,1.0
2016-3,E01029063,1,1,1.0
2016-3,E01029065,1,1,1.0
2016-3,E01029066,1,1,1.0
2016-3,E01029083,1,1,1.0
2016-3,E01029086,1,1,1.0
2016-3,E01029096,1,1,1.0
2016-3,E01029097,1,1,1.0
2016-3,E01029128,1,1,1.0
2016-3,E01029131,1,1,1.0
2016-3,E01029136,1,1,1.0
2016-3,E01029147,1,1,1.0
2016-3,E01029153,2,1,2.0
2016-3,E01029154,1,1,1.0
2016-3,E01029158,2,1,2.0
2016-3,E01029164,2,1,2.0
2016-3,E01029167,1,1,1.0
2016-3,E01029168,1,1,1.0
2016-3,E01029169,2,1,2.0
2016-3,E01029171,1,1,1.0
2016-3,E01029178,2,2,1.0
2016-3,E01029188,1,1,1.0
2016-3,E01029190,1,1,1.0
2016-3,E01029193,2,1,2.0
2016-3,E01029199,1,1,1.0
2016-3,E01029207,2,2,1.0
2016-3,E01029214,1,1,1.0
2016-3,E01029217,2,2,1.0
2016-3,E01029218,1,1,1.0
2016-3,E01029219,1,1,1.0
2016-3,E01029230,1,1,1.0
2016-3,E01029234,2,2,1.0
2016-3,E01029236,1,1,1.0
2016-3,E01029240,1,1,1.0
2016-3,E01029241,1,1,1.0
2016-3,E01029242,2,1,2.0
2016-3,E01029245,2,2,1.0
2016-3,E01029250,1,1,1.0
2016-3,E01029255,1,1,1.0
2016-3,E01029260,2,1,2.0
2016-3,E01029261,1,1,1.0
2016-3,E01029268,1,1,1.0
2016-3,E01029269,2,2,1.0
2016-3,E01029271,1,1,1.0
2016-3,E01029274,1,1,1.0
2016-3,E01029290,1,1,1.0
2016-3,E01029292,1,1,1.0
2016-3,E01029306,1,1,1.0
2016-3,E01029312,1,1,1.0
2016-3,E01029317,1,1,1.0
2016-3,E01029319,1,1,1.0
2016-3,E01029325,1,1,1.0
2016-3,E01029346,3,2,1.5
2016-3,E01029348,3,2,1.5
2016-3,E01029355,1,1,1.0
2016-3,E01029359,1,1,1.0
2016-3,E01029360,1,1,1.0
2016-3,E01029362,2,2,1.0
2016-3,E01029370,1,1,1.0
2016-3,E01029375,2,1,2.0
2016-3,E01029379,1,1,1.0
2016-3,E01029381,1,1,1.0
2016-3,E01029382,5,4,1.25
2016-3,E01029389,1,1,1.0
2016-3,E01029392,1,1,1.0
2016-3,E01029395,2,2,1.0
2016-3,E01029397,1,1,1.0
2016-3,E01029401,1,1,1.0
2016-3,E01029404,1,1,1.0
2016-3,E01029406,1,1,1.0
2016-3,E01029411,1,1,1.0
2016-3,E01029412,2,2,1.0
2016-3,E01029418,1,1,1.0
2016-3,E01029423,1,1,1.0
2016-3,E01029441,3,3,1.0
2016-3,E01029443,1,1,1.0
2016-3,E01029445,1,1,1.0
2016-3,E01029446,3,1,3.0
2016-3,E01029450,1,1,1.0
2016-3,E01029451,1,1,1.0
2016-3,E01029462,1,1,1.0
2016-3,E01029465,1,1,1.0
2016-3,E01029466,2,2,1.0
2016-3,E01029473,1,1,1.0
2016-3,E01029475,1,1,1.0
2016-3,E01029480,1,1,1.0
2016-3,E01029481,1,1,1.0
2016-3,E01029483,2,2,1.0
2016-3,E01029484,1,1,1.0
2016-3,E01029485,1,1,1.0
2016-3,E01029486,1,1,1.0
2016-3,E01029488,3,2,1.5
2016-3,E01029489,1,1,1.0
2016-3,E01029491,1,1,1.0
2016-3,E01029492,1,1,1.0
2016-3,E01029494,1,1,1.0
2016-3,E01029497,2,2,1.0
2016-3,E01029504,1,1,1.0
2016-3,E01029505,2,2,1.0
2016-3,E01029507,2,1,2.0
2016-3,E01029508,1,1,1.0
2016-3,E01029509,1,1,1.0
2016-3,E01029512,1,1,1.0
2016-3,E01029514,1,1,1.0
2016-3,E01029515,2,2,1.0
2016-3,E01029518,1,1,1.0
2016-3,E01029519,1,1,1.0
2016-3,E01029520,2,2,1.0
2016-3,E01029521,2,2,1.0
2016-3,E01029523,1,1,1.0
2016-3,E01029526,2,1,2.0
2016-3,E01029532,2,2,1.0
2016-3,E01029533,1,1,1.0
2016-3,E01029534,1,1,1.0
2016-3,E01029536,1,1,1.0
2016-3,E01029543,2,1,2.0
2016-3,E01029548,1,1,1.0
2016-3,E01029555,1,1,1.0
2016-3,E01029558,2,1,2.0
2016-3,E01029559,1,1,1.0
2016-3,E01029561,1,1,1.0
2016-3,E01029564,2,2,1.0
2016-3,E01029566,1,1,1.0
2016-3,E01029568,1,1,1.0
2016-3,E01029570,8,3,2.6666666666666665
2016-3,E01029572,1,1,1.0
2016-3,E01029573,1,1,1.0
2016-3,E01029574,1,1,1.0
2016-3,E01029576,1,1,1.0
2016-3,E01029581,2,1,2.0
2016-3,E01029582,1,1,1.0
2016-3,E01029586,1,1,1.0
2016-3,E01029587,1,1,1.0
2016-3,E01029594,1,1,1.0
2016-3,E01029598,1,1,1.0
2016-3,E01029603,1,1,1.0
2016-3,E01029604,2,1,2.0
2016-3,E01029609,1,1,1.0
2016-3,E01029614,1,1,1.0
2016-3,E01029615,1,1,1.0
2016-3,E01029617,3,1,3.0
2016-3,E01029618,1,1,1.0
2016-3,E01029621,4,3,1.3333333333333333
2016-3,E01029626,1,1,1.0
2016-3,E01029627,1,1,1.0
2016-3,E01029628,1,1,1.0
2016-3,E01029629,1,1,1.0
2016-3,E01029632,1,1,1.0
2016-3,E01029633,1,1,1.0
2016-3,E01029635,2,2,1.0
2016-3,E01029637,2,1,2.0
2016-3,E01029645,3,3,1.0
2016-3,E01029646,1,1,1.0
2016-3,E01029647,1,1,1.0
2016-3,E01029649,1,1,1.0
2016-3,E01029652,1,1,1.0
2016-3,E01029655,1,1,1.0
2016-3,E01029656,1,1,1.0
2016-3,E01029657,2,1,2.0
2016-3,E01029661,1,1,1.0
2016-3,E01029667,1,1,1.0
2016-3,E01029670,1,1,1.0
2016-3,E01029672,3,2,1.5
2016-3,E01029674,1,1,1.0
2016-3,E01029676,1,1,1.0
2016-3,E01029682,1,1,1.0
2016-3,E01029683,1,1,1.0
2016-3,E01029687,4,2,2.0
2016-3,E01029688,1,1,1.0
2016-3,E01029690,1,1,1.0
2016-3,E01029694,1,1,1.0
2016-3,E01029701,1,1,1.0
2016-3,E01029706,3,3,1.0
2016-3,E01029742,1,1,1.0
2016-3,E01029753,1,1,1.0
2016-3,E01029763,2,2,1.0
2016-3,E01029767,1,1,1.0
2016-3,E01029769,4,1,4.0
2016-3,E01029772,1,1,1.0
2016-3,E01029773,1,1,1.0
2016-3,E01029774,1,1,1.0
2016-3,E01029776,1,1,1.0
2016-3,E01029778,3,2,1.5
2016-3,E01029794,2,1,2.0
2016-3,E01029797,1,1,1.0
2016-3,E01029802,2,2,1.0
2016-3,E01029826,1,1,1.0
2016-3,E01029833,1,1,1.0
2016-3,E01029835,4,3,1.3333333333333333
2016-3,E01029838,1,1,1.0
2016-3,E01029857,1,1,1.0
2016-3,E01029863,1,1,1.0
2016-3,E01029869,1,1,1.0
2016-3,E01029873,1,1,1.0
2016-3,E01029879,8,2,4.0
2016-3,E01029900,2,2,1.0
2016-3,E01029901,2,1,2.0
2016-3,E01029909,1,1,1.0
2016-3,E01029910,2,2,1.0
2016-3,E01029919,1,1,1.0
2016-3,E01029920,1,1,1.0
2016-3,E01029925,3,1,3.0
2016-3,E01029927,2,1,2.0
2016-3,E01029928,1,1,1.0
2016-3,E01029937,1,1,1.0
2016-3,E01029945,1,1,1.0
2016-3,E01029949,1,1,1.0
2016-3,E01029960,2,1,2.0
2016-3,E01029963,4,1,4.0
2016-3,E01029966,2,2,1.0
2016-3,E01029980,1,1,1.0
2016-3,E01029984,3,2,1.5
2016-3,E01029985,1,1,1.0
2016-3,E01029986,1,1,1.0
2016-3,E01029988,9,4,2.25
2016-3,E01029990,1,1,1.0
2016-3,E01029991,1,1,1.0
2016-3,E01029994,3,1,3.0
2016-3,E01029998,1,1,1.0
2016-3,E01030001,2,1,2.0
2016-3,E01030002,1,1,1.0
2016-3,E01030005,1,1,1.0
2016-3,E01030009,1,1,1.0
2016-3,E01030011,4,1,4.0
2016-3,E01030013,2,1,2.0
2016-3,E01030014,1,1,1.0
2016-3,E01030015,1,1,1.0
2016-3,E01030016,1,1,1.0
2016-3,E01030018,1,1,1.0
2016-3,E01030021,1,1,1.0
2016-3,E01030023,1,1,1.0
2016-3,E01030024,1,1,1.0
2016-3,E01030036,1,1,1.0
2016-3,E01030037,1,1,1.0
2016-3,E01030039,1,1,1.0
2016-3,E01030041,2,1,2.0
2016-3,E01030042,1,1,1.0
2016-3,E01030044,1,1,1.0
2016-3,E01030045,3,2,1.5
2016-3,E01030053,1,1,1.0
2016-3,E01030054,1,1,1.0
2016-3,E01030057,1,1,1.0
2016-3,E01030063,1,1,1.0
2016-3,E01030064,3,1,3.0
2016-3,E01030066,1,1,1.0
2016-3,E01030068,3,2,1.5
2016-3,E01030071,1,1,1.0
2016-3,E01030073,2,1,2.0
2016-3,E01030081,1,1,1.0
2016-3,E01030085,1,1,1.0
2016-3,E01030086,1,1,1.0
2016-3,E01030095,3,1,3.0
2016-3,E01030096,1,1,1.0
2016-3,E01030098,2,1,2.0
2016-3,E01030103,1,1,1.0
2016-3,E01030104,1,1,1.0
2016-3,E01030105,3,2,1.5
2016-3,E01030106,1,1,1.0
2016-3,E01030107,1,1,1.0
2016-3,E01030108,1,1,1.0
2016-3,E01030109,2,2,1.0
2016-3,E01030111,1,1,1.0
2016-3,E01030112,1,1,1.0
2016-3,E01030113,1,1,1.0
2016-3,E01030115,1,1,1.0
2016-3,E01030116,2,2,1.0
2016-3,E01030117,1,1,1.0
2016-3,E01030121,6,5,1.2
2016-3,E01030122,1,1,1.0
2016-3,E01030124,1,1,1.0
2016-3,E01030128,1,1,1.0
2016-3,E01030133,4,4,1.0
2016-3,E01030141,1,1,1.0
2016-3,E01030142,1,1,1.0
2016-3,E01030145,1,1,1.0
2016-3,E01030146,1,1,1.0
2016-3,E01030147,1,1,1.0
2016-3,E01030173,1,1,1.0
2016-3,E01030174,1,1,1.0
2016-3,E01030175,3,1,3.0
2016-3,E01030179,1,1,1.0
2016-3,E01030180,1,1,1.0
2016-3,E01030184,1,1,1.0
2016-3,E01030185,2,2,1.0
2016-3,E01030186,1,1,1.0
2016-3,E01030190,14,3,4.666666666666667
2016-3,E01030191,18,2,9.0
2016-3,E01030192,8,2,4.0
2016-3,E01030195,1,1,1.0
2016-3,E01030196,15,2,7.5
2016-3,E01030197,23,1,23.0
2016-3,E01030198,7,1,7.0
2016-3,E01030199,1,1,1.0
2016-3,E01030206,2,2,1.0
2016-3,E01030207,2,1,2.0
2016-3,E01030209,1,1,1.0
2016-3,E01030221,4,2,2.0
2016-3,E01030222,2,1,2.0
2016-3,E01030227,1,1,1.0
2016-3,E01030235,1,1,1.0
2016-3,E01030247,1,1,1.0
2016-3,E01030248,1,1,1.0
2016-3,E01030250,1,1,1.0
2016-3,E01030256,1,1,1.0
2016-3,E01030258,4,1,4.0
2016-3,E01030259,1,1,1.0
2016-3,E01030265,1,1,1.0
2016-3,E01030268,1,1,1.0
2016-3,E01030269,1,1,1.0
2016-3,E01030271,1,1,1.0
2016-3,E01030285,1,1,1.0
2016-3,E01030286,1,1,1.0
2016-3,E01030295,1,1,1.0
2016-3,E01030307,1,1,1.0
2016-3,E01030309,1,1,1.0
2016-3,E01030312,1,1,1.0
2016-3,E01030324,1,1,1.0
2016-3,E01030326,1,1,1.0
2016-3,E01030348,5,2,2.5
2016-3,E01030350,1,1,1.0
2016-3,E01030351,1,1,1.0
2016-3,E01030352,1,1,1.0
2016-3,E01030353,1,1,1.0
2016-3,E01030354,1,1,1.0
2016-3,E01030355,2,1,2.0
2016-3,E01030358,1,1,1.0
2016-3,E01030359,2,2,1.0
2016-3,E01030361,1,1,1.0
2016-3,E01030365,1,1,1.0
2016-3,E01030366,1,1,1.0
2016-3,E01030370,1,1,1.0
2016-3,E01030371,2,2,1.0
2016-3,E01030373,1,1,1.0
2016-3,E01030374,1,1,1.0
2016-3,E01030378,1,1,1.0
2016-3,E01030379,2,1,2.0
2016-3,E01030388,1,1,1.0
2016-3,E01030396,1,1,1.0
2016-3,E01030404,1,1,1.0
2016-3,E01030406,2,2,1.0
2016-3,E01030407,1,1,1.0
2016-3,E01030411,1,1,1.0
2016-3,E01030412,1,1,1.0
2016-3,E01030413,1,1,1.0
2016-3,E01030416,1,1,1.0
2016-3,E01030422,1,1,1.0
2016-3,E01030423,1,1,1.0
2016-3,E01030424,2,1,2.0
2016-3,E01030427,1,1,1.0
2016-3,E01030428,1,1,1.0
2016-3,E01030429,3,3,1.0
2016-3,E01030430,1,1,1.0
2016-3,E01030431,1,1,1.0
2016-3,E01030432,1,1,1.0
2016-3,E01030434,2,2,1.0
2016-3,E01030435,1,1,1.0
2016-3,E01030436,1,1,1.0
2016-3,E01030438,2,2,1.0
2016-3,E01030439,1,1,1.0
2016-3,E01030440,2,2,1.0
2016-3,E01030441,1,1,1.0
2016-3,E01030444,4,4,1.0
2016-3,E01030445,2,2,1.0
2016-3,E01030446,1,1,1.0
2016-3,E01030447,1,1,1.0
2016-3,E01030449,2,2,1.0
2016-3,E01030450,2,2,1.0
2016-3,E01030455,1,1,1.0
2016-3,E01030457,1,1,1.0
2016-3,E01030458,4,3,1.3333333333333333
2016-3,E01030459,1,1,1.0
2016-3,E01030461,5,4,1.25
2016-3,E01030463,2,2,1.0
2016-3,E01030465,1,1,1.0
2016-3,E01030468,1,1,1.0
2016-3,E01030470,1,1,1.0
2016-3,E01030471,1,1,1.0
2016-3,E01030474,1,1,1.0
2016-3,E01030476,1,1,1.0
2016-3,E01030477,1,1,1.0
2016-3,E01030478,1,1,1.0
2016-3,E01030485,1,1,1.0
2016-3,E01030486,2,2,1.0
2016-3,E01030491,1,1,1.0
2016-3,E01030500,1,1,1.0
2016-3,E01030501,2,2,1.0
2016-3,E01030502,1,1,1.0
2016-3,E01030504,1,1,1.0
2016-3,E01030507,1,1,1.0
2016-3,E01030511,1,1,1.0
2016-3,E01030516,1,1,1.0
2016-3,E01030518,1,1,1.0
2016-3,E01030519,1,1,1.0
2016-3,E01030520,1,1,1.0
2016-3,E01030521,1,1,1.0
2016-3,E01030524,2,2,1.0
2016-3,E01030531,2,2,1.0
2016-3,E01030539,1,1,1.0
2016-3,E01030542,1,1,1.0
2016-3,E01030543,1,1,1.0
2016-3,E01030546,1,1,1.0
2016-3,E01030548,2,2,1.0
2016-3,E01030549,3,1,3.0
2016-3,E01030552,2,2,1.0
2016-3,E01030554,2,2,1.0
2016-3,E01030563,1,1,1.0
2016-3,E01030565,1,1,1.0
2016-3,E01030570,1,1,1.0
2016-3,E01030571,1,1,1.0
2016-3,E01030576,1,1,1.0
2016-3,E01030579,2,2,1.0
2016-3,E01030583,1,1,1.0
2016-3,E01030590,1,1,1.0
2016-3,E01030592,1,1,1.0
2016-3,E01030598,2,2,1.0
2016-3,E01030599,1,1,1.0
2016-3,E01030600,2,2,1.0
2016-3,E01030602,1,1,1.0
2016-3,E01030609,1,1,1.0
2016-3,E01030612,1,1,1.0
2016-3,E01030633,1,1,1.0
2016-3,E01030639,2,2,1.0
2016-3,E01030641,2,1,2.0
2016-3,E01030644,1,1,1.0
2016-3,E01030646,2,2,1.0
2016-3,E01030647,5,3,1.6666666666666667
2016-3,E01030648,1,1,1.0
2016-3,E01030649,2,1,2.0
2016-3,E01030650,2,1,2.0
2016-3,E01030654,1,1,1.0
2016-3,E01030660,3,3,1.0
2016-3,E01030662,1,1,1.0
2016-3,E01030663,2,2,1.0
2016-3,E01030664,1,1,1.0
2016-3,E01030667,1,1,1.0
2016-3,E01030668,2,2,1.0
2016-3,E01030669,1,1,1.0
2016-3,E01030671,1,1,1.0
2016-3,E01030672,3,3,1.0
2016-3,E01030677,1,1,1.0
2016-3,E01030679,1,1,1.0
2016-3,E01030682,1,1,1.0
2016-3,E01030683,1,1,1.0
2016-3,E01030685,4,1,4.0
2016-3,E01030687,3,3,1.0
2016-3,E01030688,1,1,1.0
2016-3,E01030694,1,1,1.0
2016-3,E01030696,1,1,1.0
2016-3,E01030697,1,1,1.0
2016-3,E01030699,1,1,1.0
2016-3,E01030700,1,1,1.0
2016-3,E01030704,1,1,1.0
2016-3,E01030707,1,1,1.0
2016-3,E01030709,1,1,1.0
2016-3,E01030712,1,1,1.0
2016-3,E01030713,1,1,1.0
2016-3,E01030716,1,1,1.0
2016-3,E01030718,2,2,1.0
2016-3,E01030719,1,1,1.0
2016-3,E01030720,1,1,1.0
2016-3,E01030721,1,1,1.0
2016-3,E01030722,1,1,1.0
2016-3,E01030725,2,2,1.0
2016-3,E01030734,2,1,2.0
2016-3,E01030736,1,1,1.0
2016-3,E01030738,1,1,1.0
2016-3,E01030744,1,1,1.0
2016-3,E01030745,2,1,2.0
2016-3,E01030746,1,1,1.0
2016-3,E01030747,2,2,1.0
2016-3,E01030749,1,1,1.0
2016-3,E01030755,1,1,1.0
2016-3,E01030756,1,1,1.0
2016-3,E01030757,1,1,1.0
2016-3,E01030759,2,2,1.0
2016-3,E01030760,3,3,1.0
2016-3,E01030766,1,1,1.0
2016-3,E01030769,1,1,1.0
2016-3,E01030771,1,1,1.0
2016-3,E01030772,2,2,1.0
2016-3,E01030779,1,1,1.0
2016-3,E01030781,1,1,1.0
2016-3,E01030782,1,1,1.0
2016-3,E01030784,1,1,1.0
2016-3,E01030785,1,1,1.0
2016-3,E01030786,3,1,3.0
2016-3,E01030787,1,1,1.0
2016-3,E01030793,1,1,1.0
2016-3,E01030795,2,2,1.0
2016-3,E01030797,2,1,2.0
2016-3,E01030806,2,2,1.0
2016-3,E01030807,1,1,1.0
2016-3,E01030811,1,1,1.0
2016-3,E01030816,1,1,1.0
2016-3,E01030818,2,1,2.0
2016-3,E01030821,8,5,1.6
2016-3,E01030822,2,2,1.0
2016-3,E01030824,2,2,1.0
2016-3,E01030825,4,3,1.3333333333333333
2016-3,E01030827,1,1,1.0
2016-3,E01030831,3,3,1.0
2016-3,E01030832,4,4,1.0
2016-3,E01030833,4,2,2.0
2016-3,E01030834,1,1,1.0
2016-3,E01030835,2,2,1.0
2016-3,E01030836,1,1,1.0
2016-3,E01030837,3,3,1.0
2016-3,E01030838,2,2,1.0
2016-3,E01030843,1,1,1.0
2016-3,E01030845,1,1,1.0
2016-3,E01030850,1,1,1.0
2016-3,E01030852,1,1,1.0
2016-3,E01030853,3,3,1.0
2016-3,E01030855,1,1,1.0
2016-3,E01030858,1,1,1.0
2016-3,E01030860,1,1,1.0
2016-3,E01030862,2,2,1.0
2016-3,E01030869,1,1,1.0
2016-3,E01030877,3,1,3.0
2016-3,E01030885,3,2,1.5
2016-3,E01030886,7,2,3.5
2016-3,E01030888,2,2,1.0
2016-3,E01030893,1,1,1.0
2016-3,E01030895,1,1,1.0
2016-3,E01030899,2,1,2.0
2016-3,E01030900,4,2,2.0
2016-3,E01030901,1,1,1.0
2016-3,E01030907,1,1,1.0
2016-3,E01030908,3,2,1.5
2016-3,E01030909,1,1,1.0
2016-3,E01030910,1,1,1.0
2016-3,E01030911,1,1,1.0
2016-3,E01030920,1,1,1.0
2016-3,E01030928,3,3,1.0
2016-3,E01030929,2,2,1.0
2016-3,E01030931,1,1,1.0
2016-3,E01030940,1,1,1.0
2016-3,E01030943,1,1,1.0
2016-3,E01030944,1,1,1.0
2016-3,E01030954,1,1,1.0
2016-3,E01030976,2,1,2.0
2016-3,E01030978,1,1,1.0
2016-3,E01030984,1,1,1.0
2016-3,E01030986,2,1,2.0
2016-3,E01030990,2,1,2.0
2016-3,E01030994,1,1,1.0
2016-3,E01030997,1,1,1.0
2016-3,E01031000,2,2,1.0
2016-3,E01031002,1,1,1.0
2016-3,E01031004,3,3,1.0
2016-3,E01031011,1,1,1.0
2016-3,E01031020,1,1,1.0
2016-3,E01031021,1,1,1.0
2016-3,E01031022,1,1,1.0
2016-3,E01031024,1,1,1.0
2016-3,E01031027,2,1,2.0
2016-3,E01031028,5,4,1.25
2016-3,E01031030,1,1,1.0
2016-3,E01031031,2,2,1.0
2016-3,E01031036,1,1,1.0
2016-3,E01031042,1,1,1.0
2016-3,E01031055,2,1,2.0
2016-3,E01031064,1,1,1.0
2016-3,E01031080,1,1,1.0
2016-3,E01031081,1,1,1.0
2016-3,E01031083,1,1,1.0
2016-3,E01031089,1,1,1.0
2016-3,E01031116,1,1,1.0
2016-3,E01031125,1,1,1.0
2016-3,E01031127,1,1,1.0
2016-3,E01031136,1,1,1.0
2016-3,E01031141,2,2,1.0
2016-3,E01031144,2,2,1.0
2016-3,E01031145,1,1,1.0
2016-3,E01031148,1,1,1.0
2016-3,E01031150,1,1,1.0
2016-3,E01031151,1,1,1.0
2016-3,E01031153,2,2,1.0
2016-3,E01031159,4,3,1.3333333333333333
2016-3,E01031163,2,1,2.0
2016-3,E01031164,1,1,1.0
2016-3,E01031167,1,1,1.0
2016-3,E01031179,1,1,1.0
2016-3,E01031180,1,1,1.0
2016-3,E01031181,2,2,1.0
2016-3,E01031184,1,1,1.0
2016-3,E01031192,1,1,1.0
2016-3,E01031194,2,1,2.0
2016-3,E01031199,1,1,1.0
2016-3,E01031207,1,1,1.0
2016-3,E01031208,3,2,1.5
2016-3,E01031209,1,1,1.0
2016-3,E01031212,1,1,1.0
2016-3,E01031213,2,2,1.0
2016-3,E01031228,1,1,1.0
2016-3,E01031238,1,1,1.0
2016-3,E01031239,4,2,2.0
2016-3,E01031243,1,1,1.0
2016-3,E01031244,4,3,1.3333333333333333
2016-3,E01031253,1,1,1.0
2016-3,E01031258,3,3,1.0
2016-3,E01031267,3,3,1.0
2016-3,E01031278,1,1,1.0
2016-3,E01031280,2,2,1.0
2016-3,E01031281,3,2,1.5
2016-3,E01031282,3,3,1.0
2016-3,E01031301,2,1,2.0
2016-3,E01031308,2,2,1.0
2016-3,E01031309,1,1,1.0
2016-3,E01031311,1,1,1.0
2016-3,E01031317,2,2,1.0
2016-3,E01031318,2,1,2.0
2016-3,E01031329,4,2,2.0
2016-3,E01031330,1,1,1.0
2016-3,E01031331,1,1,1.0
2016-3,E01031350,2,2,1.0
2016-3,E01031352,2,1,2.0
2016-3,E01031355,2,2,1.0
2016-3,E01031358,2,2,1.0
2016-3,E01031359,1,1,1.0
2016-3,E01031363,1,1,1.0
2016-3,E01031364,1,1,1.0
2016-3,E01031371,1,1,1.0
2016-3,E01031372,1,1,1.0
2016-3,E01031373,2,2,1.0
2016-3,E01031384,1,1,1.0
2016-3,E01031388,1,1,1.0
2016-3,E01031400,1,1,1.0
2016-3,E01031403,1,1,1.0
2016-3,E01031407,1,1,1.0
2016-3,E01031418,1,1,1.0
2016-3,E01031431,1,1,1.0
2016-3,E01031435,1,1,1.0
2016-3,E01031441,1,1,1.0
2016-3,E01031460,1,1,1.0
2016-3,E01031462,1,1,1.0
2016-3,E01031465,2,2,1.0
2016-3,E01031466,1,1,1.0
2016-3,E01031472,2,2,1.0
2016-3,E01031477,4,3,1.3333333333333333
2016-3,E01031484,2,1,2.0
2016-3,E01031486,1,1,1.0
2016-3,E01031493,2,2,1.0
2016-3,E01031496,1,1,1.0
2016-3,E01031497,1,1,1.0
2016-3,E01031498,1,1,1.0
2016-3,E01031500,1,1,1.0
2016-3,E01031502,1,1,1.0
2016-3,E01031503,4,2,2.0
2016-3,E01031504,3,3,1.0
2016-3,E01031507,1,1,1.0
2016-3,E01031508,1,1,1.0
2016-3,E01031509,1,1,1.0
2016-3,E01031514,4,2,2.0
2016-3,E01031516,3,1,3.0
2016-3,E01031519,1,1,1.0
2016-3,E01031521,1,1,1.0
2016-3,E01031522,1,1,1.0
2016-3,E01031529,1,1,1.0
2016-3,E01031530,1,1,1.0
2016-3,E01031531,2,1,2.0
2016-3,E01031533,1,1,1.0
2016-3,E01031535,2,1,2.0
2016-3,E01031540,1,1,1.0
2016-3,E01031556,1,1,1.0
2016-3,E01031575,1,1,1.0
2016-3,E01031585,5,3,1.6666666666666667
2016-3,E01031587,1,1,1.0
2016-3,E01031596,1,1,1.0
2016-3,E01031607,1,1,1.0
2016-3,E01031609,2,2,1.0
2016-3,E01031610,1,1,1.0
2016-3,E01031617,1,1,1.0
2016-3,E01031622,1,1,1.0
2016-3,E01031625,1,1,1.0
2016-3,E01031630,1,1,1.0
2016-3,E01031650,1,1,1.0
2016-3,E01031653,1,1,1.0
2016-3,E01031654,1,1,1.0
2016-3,E01031657,1,1,1.0
2016-3,E01031661,1,1,1.0
2016-3,E01031664,2,1,2.0
2016-3,E01031665,1,1,1.0
2016-3,E01031672,1,1,1.0
2016-3,E01031675,1,1,1.0
2016-3,E01031686,1,1,1.0
2016-3,E01031691,2,2,1.0
2016-3,E01031693,2,2,1.0
2016-3,E01031694,1,1,1.0
2016-3,E01031698,3,3,1.0
2016-3,E01031701,1,1,1.0
2016-3,E01031707,2,2,1.0
2016-3,E01031718,1,1,1.0
2016-3,E01031720,2,2,1.0
2016-3,E01031722,1,1,1.0
2016-3,E01031724,1,1,1.0
2016-3,E01031725,1,1,1.0
2016-3,E01031726,1,1,1.0
2016-3,E01031727,2,2,1.0
2016-3,E01031728,1,1,1.0
2016-3,E01031729,1,1,1.0
2016-3,E01031732,1,1,1.0
2016-3,E01031733,2,2,1.0
2016-3,E01031734,1,1,1.0
2016-3,E01031738,1,1,1.0
2016-3,E01031741,1,1,1.0
2016-3,E01031745,1,1,1.0
2016-3,E01031748,1,1,1.0
2016-3,E01031755,1,1,1.0
2016-3,E01031765,1,1,1.0
2016-3,E01031776,1,1,1.0
2016-3,E01031778,1,1,1.0
2016-3,E01031781,1,1,1.0
2016-3,E01031789,1,1,1.0
2016-3,E01031797,1,1,1.0
2016-3,E01031810,1,1,1.0
2016-3,E01031811,2,2,1.0
2016-3,E01031821,1,1,1.0
2016-3,E01031824,1,1,1.0
2016-3,E01031840,2,1,2.0
2016-3,E01031847,1,1,1.0
2016-3,E01031849,1,1,1.0
2016-3,E01031853,1,1,1.0
2016-3,E01031854,1,1,1.0
2016-3,E01031862,1,1,1.0
2016-3,E01031876,1,1,1.0
2016-3,E01031882,1,1,1.0
2016-3,E01031887,1,1,1.0
2016-3,E01031900,1,1,1.0
2016-3,E01031907,1,1,1.0
2016-3,E01031931,1,1,1.0
2016-3,E01031946,1,1,1.0
2016-3,E01031950,2,1,2.0
2016-3,E01031956,1,1,1.0
2016-3,E01031958,1,1,1.0
2016-3,E01031962,1,1,1.0
2016-3,E01031963,1,1,1.0
2016-3,E01031964,2,2,1.0
2016-3,E01031968,1,1,1.0
2016-3,E01031998,1,1,1.0
2016-3,E01032000,1,1,1.0
2016-3,E01032002,1,1,1.0
2016-3,E01032018,1,1,1.0
2016-3,E01032025,1,1,1.0
2016-3,E01032026,2,1,2.0
2016-3,E01032032,1,1,1.0
2016-3,E01032045,1,1,1.0
2016-3,E01032052,1,1,1.0
2016-3,E01032056,1,1,1.0
2016-3,E01032058,1,1,1.0
2016-3,E01032060,1,1,1.0
2016-3,E01032068,1,1,1.0
2016-3,E01032069,1,1,1.0
2016-3,E01032071,2,1,2.0
2016-3,E01032078,1,1,1.0
2016-3,E01032081,1,1,1.0
2016-3,E01032097,2,1,2.0
2016-3,E01032142,2,2,1.0
2016-3,E01032147,1,1,1.0
2016-3,E01032158,1,1,1.0
2016-3,E01032159,1,1,1.0
2016-3,E01032176,1,1,1.0
2016-3,E01032233,2,2,1.0
2016-3,E01032239,1,1,1.0
2016-3,E01032240,1,1,1.0
2016-3,E01032249,1,1,1.0
2016-3,E01032251,1,1,1.0
2016-3,E01032257,1,1,1.0
2016-3,E01032262,1,1,1.0
2016-3,E01032295,1,1,1.0
2016-3,E01032322,1,1,1.0
2016-3,E01032338,1,1,1.0
2016-3,E01032340,1,1,1.0
2016-3,E01032384,1,1,1.0
2016-3,E01032403,1,1,1.0
2016-3,E01032404,1,1,1.0
2016-3,E01032419,1,1,1.0
2016-3,E01032432,1,1,1.0
2016-3,E01032459,1,1,1.0
2016-3,E01032479,1,1,1.0
2016-3,E01032481,2,1,2.0
2016-3,E01032485,3,1,3.0
2016-3,E01032489,1,1,1.0
2016-3,E01032491,1,1,1.0
2016-3,E01032495,2,1,2.0
2016-3,E01032505,1,1,1.0
2016-3,E01032506,1,1,1.0
2016-3,E01032509,1,1,1.0
2016-3,E01032514,1,1,1.0
2016-3,E01032518,1,1,1.0
2016-3,E01032526,1,1,1.0
2016-3,E01032532,1,1,1.0
2016-3,E01032536,1,1,1.0
2016-3,E01032545,1,1,1.0
2016-3,E01032549,2,2,1.0
2016-3,E01032561,2,1,2.0
2016-3,E01032562,2,1,2.0
2016-3,E01032563,1,1,1.0
2016-3,E01032564,8,3,2.6666666666666665
2016-3,E01032565,8,2,4.0
2016-3,E01032568,1,1,1.0
2016-3,E01032570,2,2,1.0
2016-3,E01032571,5,4,1.25
2016-3,E01032572,3,1,3.0
2016-3,E01032575,1,1,1.0
2016-3,E01032576,1,1,1.0
2016-3,E01032577,1,1,1.0
2016-3,E01032579,3,2,1.5
2016-3,E01032582,1,1,1.0
2016-3,E01032586,1,1,1.0
2016-3,E01032590,2,2,1.0
2016-3,E01032593,2,2,1.0
2016-3,E01032594,4,1,4.0
2016-3,E01032600,2,2,1.0
2016-3,E01032613,1,1,1.0
2016-3,E01032619,1,1,1.0
2016-3,E01032620,2,2,1.0
2016-3,E01032626,1,1,1.0
2016-3,E01032654,1,1,1.0
2016-3,E01032655,1,1,1.0
2016-3,E01032657,1,1,1.0
2016-3,E01032663,3,3,1.0
2016-3,E01032665,1,1,1.0
2016-3,E01032666,3,3,1.0
2016-3,E01032674,2,2,1.0
2016-3,E01032684,1,1,1.0
2016-3,E01032699,1,1,1.0
2016-3,E01032703,1,1,1.0
2016-3,E01032717,1,1,1.0
2016-3,E01032725,2,2,1.0
2016-3,E01032726,2,1,2.0
2016-3,E01032733,1,1,1.0
2016-3,E01032734,3,3,1.0
2016-3,E01032735,2,1,2.0
2016-3,E01032737,2,2,1.0
2016-3,E01032738,3,2,1.5
2016-3,E01032739,2,2,1.0
2016-3,E01032748,1,1,1.0
2016-3,E01032750,1,1,1.0
2016-3,E01032751,1,1,1.0
2016-3,E01032753,1,1,1.0
2016-3,E01032755,3,2,1.5
2016-3,E01032756,2,2,1.0
2016-3,E01032759,2,1,2.0
2016-3,E01032761,5,3,1.6666666666666667
2016-3,E01032763,1,1,1.0
2016-3,E01032766,3,2,1.5
2016-3,E01032767,1,1,1.0
2016-3,E01032781,1,1,1.0
2016-3,E01032782,1,1,1.0
2016-3,E01032795,1,1,1.0
2016-3,E01032797,2,1,2.0
2016-3,E01032809,2,2,1.0
2016-3,E01032810,1,1,1.0
2016-3,E01032814,2,1,2.0
2016-3,E01032816,1,1,1.0
2016-3,E01032819,1,1,1.0
2016-3,E01032821,1,1,1.0
2016-3,E01032828,3,1,3.0
2016-3,E01032835,1,1,1.0
2016-3,E01032847,1,1,1.0
2016-3,E01032853,1,1,1.0
2016-3,E01032855,2,2,1.0
2016-3,E01032856,1,1,1.0
2016-3,E01032857,1,1,1.0
2016-3,E01032859,1,1,1.0
2016-3,E01032877,1,1,1.0
2016-3,E01032886,2,2,1.0
2016-3,E01032889,1,1,1.0
2016-3,E01032890,1,1,1.0
2016-3,E01032891,1,1,1.0
2016-3,E01032892,2,2,1.0
2016-3,E01032897,1,1,1.0
2016-3,E01032899,2,1,2.0
2016-3,E01032903,2,2,1.0
2016-3,E01032912,4,2,2.0
2016-3,E01032915,3,1,3.0
2016-3,E01032917,1,1,1.0
2016-3,E01032928,1,1,1.0
2016-3,E01032929,1,1,1.0
2016-3,E01032932,1,1,1.0
2016-3,E01032940,1,1,1.0
2016-3,E01032941,1,1,1.0
2016-3,E01032942,1,1,1.0
2016-3,E01032943,1,1,1.0
2016-3,E01032947,5,3,1.6666666666666667
2016-3,E01032948,1,1,1.0
2016-3,E01032949,1,1,1.0
2016-3,E01032952,2,1,2.0
2016-3,E01032953,1,1,1.0
2016-3,E01032954,4,3,1.3333333333333333
2016-3,E01032960,2,2,1.0
2016-3,E01032963,1,1,1.0
2016-3,E01032967,1,1,1.0
2016-3,E01032975,1,1,1.0
2016-3,E01032988,2,1,2.0
2016-3,E01032990,1,1,1.0
2016-3,E01032994,1,1,1.0
2016-3,E01032996,2,1,2.0
2016-3,E01033005,1,1,1.0
2016-3,E01033010,1,1,1.0
2016-3,E01033013,1,1,1.0
2016-3,E01033015,1,1,1.0
2016-3,E01033016,1,1,1.0
2016-3,E01033018,1,1,1.0
2016-3,E01033025,5,4,1.25
2016-3,E01033027,1,1,1.0
2016-3,E01033028,1,1,1.0
2016-3,E01033059,1,1,1.0
2016-3,E01033060,1,1,1.0
2016-3,E01033068,2,2,1.0
2016-3,E01033071,3,2,1.5
2016-3,E01033072,5,4,1.25
2016-3,E01033073,1,1,1.0
2016-3,E01033078,2,1,2.0
2016-3,E01033079,1,1,1.0
2016-3,E01033082,2,2,1.0
2016-3,E01033093,2,2,1.0
2016-3,E01033106,2,2,1.0
2016-3,E01033107,1,1,1.0
2016-3,E01033112,1,1,1.0
2016-3,E01033122,1,1,1.0
2016-3,E01033124,8,2,4.0
2016-3,E01033125,2,2,1.0
2016-3,E01033127,1,1,1.0
2016-3,E01033128,2,1,2.0
2016-3,E01033129,1,1,1.0
2016-3,E01033131,2,1,2.0
2016-3,E01033143,1,1,1.0
2016-3,E01033148,1,1,1.0
2016-3,E01033160,1,1,1.0
2016-3,E01033171,2,2,1.0
2016-3,E01033173,1,1,1.0
2016-3,E01033176,1,1,1.0
2016-3,E01033177,4,2,2.0
2016-3,E01033178,3,2,1.5
2016-3,E01033179,3,2,1.5
2016-3,E01033180,2,2,1.0
2016-3,E01033183,1,1,1.0
2016-3,E01033187,1,1,1.0
2016-3,E01033189,1,1,1.0
2016-3,E01033192,1,1,1.0
2016-3,E01033194,5,2,2.5
2016-3,E01033200,1,1,1.0
2016-3,E01033211,2,2,1.0
2016-3,E01033212,3,2,1.5
2016-3,E01033215,8,3,2.6666666666666665
2016-3,E01033216,2,1,2.0
2016-3,E01033219,1,1,1.0
2016-3,E01033220,1,1,1.0
2016-3,E01033223,1,1,1.0
2016-3,E01033228,1,1,1.0
2016-3,E01033229,1,1,1.0
2016-3,E01033231,1,1,1.0
2016-3,E01033237,1,1,1.0
2016-3,E01033239,2,2,1.0
2016-3,E01033255,1,1,1.0
2016-3,E01033258,1,1,1.0
2016-3,E01033263,3,1,3.0
2016-3,E01033264,2,2,1.0
2016-3,E01033265,1,1,1.0
2016-3,E01033268,2,2,1.0
2016-3,E01033269,4,4,1.0
2016-3,E01033270,5,4,1.25
2016-3,E01033271,4,3,1.3333333333333333
2016-3,E01033272,1,1,1.0
2016-3,E01033273,1,1,1.0
2016-3,E01033274,1,1,1.0
2016-3,E01033276,2,2,1.0
2016-3,E01033277,1,1,1.0
2016-3,E01033279,1,1,1.0
2016-3,E01033280,1,1,1.0
2016-3,E01033281,1,1,1.0
2016-3,E01033283,1,1,1.0
2016-3,E01033285,1,1,1.0
2016-3,E01033286,1,1,1.0
2016-3,E01033291,1,1,1.0
2016-3,E01033305,1,1,1.0
2016-3,E01033306,1,1,1.0
2016-3,E01033310,1,1,1.0
2016-3,E01033311,1,1,1.0
2016-3,E01033313,1,1,1.0
2016-3,E01033314,2,1,2.0
2016-3,E01033320,11,3,3.6666666666666665
2016-3,E01033322,2,2,1.0
2016-3,E01033324,1,1,1.0
2016-3,E01033325,1,1,1.0
2016-3,E01033327,32,12,2.6666666666666665
2016-3,E01033331,1,1,1.0
2016-3,E01033333,4,3,1.3333333333333333
2016-3,E01033334,3,1,3.0
2016-3,E01033338,2,2,1.0
2016-3,E01033339,3,2,1.5
2016-3,E01033341,5,4,1.25
2016-3,E01033344,1,1,1.0
2016-3,E01033345,1,1,1.0
2016-3,E01033347,7,3,2.3333333333333335
2016-3,E01033348,11,1,11.0
2016-3,E01033350,1,1,1.0
2016-3,E01033353,1,1,1.0
2016-3,E01033355,1,1,1.0
2016-3,E01033359,2,1,2.0
2016-3,E01033361,2,1,2.0
2016-3,E01033362,6,2,3.0
2016-3,E01033364,4,2,2.0
2016-3,E01033366,3,1,3.0
2016-3,E01033378,11,3,3.6666666666666665
2016-3,E01033388,1,1,1.0
2016-3,E01033405,1,1,1.0
2016-3,E01033407,1,1,1.0
2016-3,E01033410,1,1,1.0
2016-3,E01033412,1,1,1.0
2016-3,E01033413,2,2,1.0
2016-3,E01033415,3,2,1.5
2016-3,E01033433,1,1,1.0
2016-3,E01033443,2,1,2.0
2016-3,E01033447,2,1,2.0
2016-3,E01033450,1,1,1.0
2016-3,E01033462,1,1,1.0
2016-3,E01033464,4,1,4.0
2016-3,E01033465,1,1,1.0
2016-3,E01033470,1,1,1.0
2016-3,E01033474,1,1,1.0
2016-3,E01033477,2,2,1.0
2016-3,E01033480,1,1,1.0
2016-3,E01033484,1,1,1.0
2016-3,E01033488,1,1,1.0
2016-3,E01033496,1,1,1.0
2016-3,E01033498,1,1,1.0
2016-3,E01033500,4,4,1.0
2016-3,E01033503,2,1,2.0
2016-3,E01033509,1,1,1.0
2016-3,E01033530,2,2,1.0
2016-3,E01033539,1,1,1.0
2016-3,E01033557,1,1,1.0
2016-3,E01033561,1,1,1.0
2016-3,E01033565,1,1,1.0
2016-3,E01033583,1,1,1.0
2016-3,E01033595,3,2,1.5
2016-3,E01033601,1,1,1.0
2016-3,E01033608,1,1,1.0
2016-3,E01033613,2,2,1.0
2016-3,E01033616,1,1,1.0
2016-3,E01033617,1,1,1.0
2016-3,E01033619,1,1,1.0
2016-3,E01033631,2,2,1.0
2016-3,E01033639,1,1,1.0
2016-3,E01033643,1,1,1.0
2016-3,E01033646,1,1,1.0
2016-3,E01033653,3,3,1.0
2016-3,E01033654,1,1,1.0
2016-3,E01033658,2,2,1.0
2016-3,E01033661,1,1,1.0
2016-3,E01033662,1,1,1.0
2016-3,E01033663,2,2,1.0
2016-3,E01033669,1,1,1.0
2016-3,E01033672,1,1,1.0
2016-3,E01033673,1,1,1.0
2016-3,E01033674,2,2,1.0
2016-3,E01033678,1,1,1.0
2016-3,E01033679,1,1,1.0
2016-3,E01033680,1,1,1.0
2016-3,E01033682,1,1,1.0
2016-3,E01033683,1,1,1.0
2016-3,E01033685,1,1,1.0
2016-3,E01033686,1,1,1.0
2016-3,E01033687,2,2,1.0
2016-3,E01033688,2,2,1.0
2016-3,E01033690,1,1,1.0
2016-3,E01033693,2,1,2.0
2016-3,E01033694,1,1,1.0
2016-3,E01033699,1,1,1.0
2016-3,E01033708,1,1,1.0
2016-3,E01033714,2,2,1.0
2016-3,E01033722,2,2,1.0
2016-3,E01033726,4,3,1.3333333333333333
2016-3,E01033729,1,1,1.0
2016-3,E01033730,1,1,1.0
2016-3,E01033733,2,1,2.0
2016-3,E01033738,1,1,1.0
2016-3,E01033739,2,2,1.0
2016-3,E01033740,9,2,4.5
2016-3,E01033752,2,2,1.0
2016-3,E01033760,1,1,1.0
2016-3,E01033768,1,1,1.0
2016-3,S01006506,1,1,1.0
2016-3,S01006515,5,1,5.0
2016-3,S01006517,1,1,1.0
2016-3,S01006521,4,1,4.0
2016-3,S01006522,1,1,1.0
2016-3,S01006532,1,1,1.0
2016-3,S01006534,1,1,1.0
2016-3,S01006546,1,1,1.0
2016-3,S01006547,5,2,2.5
2016-3,S01006556,1,1,1.0
2016-3,S01006587,1,1,1.0
2016-3,S01006596,2,2,1.0
2016-3,S01006598,2,1,2.0
2016-3,S01006602,1,1,1.0
2016-3,S01006608,1,1,1.0
2016-3,S01006651,1,1,1.0
2016-3,S01006657,1,1,1.0
2016-3,S01006665,1,1,1.0
2016-3,S01006671,2,1,2.0
2016-3,S01006700,1,1,1.0
2016-3,S01006703,1,1,1.0
2016-3,S01006732,2,2,1.0
2016-3,S01006760,1,1,1.0
2016-3,S01006802,1,1,1.0
2016-3,S01006811,5,2,2.5
2016-3,S01006818,4,1,4.0
2016-3,S01006821,1,1,1.0
2016-3,S01006822,1,1,1.0
2016-3,S01006853,3,2,1.5
2016-3,S01006886,1,1,1.0
2016-3,S01006894,1,1,1.0
2016-3,S01006909,1,1,1.0
2016-3,S01006910,2,2,1.0
2016-3,S01006922,1,1,1.0
2016-3,S01006923,1,1,1.0
2016-3,S01006930,2,1,2.0
2016-3,S01006931,1,1,1.0
2016-3,S01006936,2,2,1.0
2016-3,S01006939,2,2,1.0
2016-3,S01006940,1,1,1.0
2016-3,S01006942,1,1,1.0
2016-3,S01006945,2,2,1.0
2016-3,S01006981,1,1,1.0
2016-3,S01006997,1,1,1.0
2016-3,S01006999,1,1,1.0
2016-3,S01007001,1,1,1.0
2016-3,S01007002,1,1,1.0
2016-3,S01007005,1,1,1.0
2016-3,S01007020,1,1,1.0
2016-3,S01007032,1,1,1.0
2016-3,S01007058,2,1,2.0
2016-3,S01007059,1,1,1.0
2016-3,S01007066,1,1,1.0
2016-3,S01007090,1,1,1.0
2016-3,S01007096,1,1,1.0
2016-3,S01007129,1,1,1.0
2016-3,S01007140,1,1,1.0
2016-3,S01007148,1,1,1.0
2016-3,S01007149,1,1,1.0
2016-3,S01007314,2,1,2.0
2016-3,S01007320,1,1,1.0
2016-3,S01007324,1,1,1.0
2016-3,S01007358,1,1,1.0
2016-3,S01007379,1,1,1.0
2016-3,S01007380,1,1,1.0
2016-3,S01007406,1,1,1.0
2016-3,S01007423,1,1,1.0
2016-3,S01007435,2,1,2.0
2016-3,S01007444,1,1,1.0
2016-3,S01007466,1,1,1.0
2016-3,S01007475,1,1,1.0
2016-3,S01007493,1,1,1.0
2016-3,S01007626,1,1,1.0
2016-3,S01007630,2,2,1.0
2016-3,S01007646,1,1,1.0
2016-3,S01007656,5,1,5.0
2016-3,S01007687,1,1,1.0
2016-3,S01007697,1,1,1.0
2016-3,S01007706,2,2,1.0
2016-3,S01007748,2,1,2.0
2016-3,S01007751,1,1,1.0
2016-3,S01007769,2,2,1.0
2016-3,S01007784,1,1,1.0
2016-3,S01007880,1,1,1.0
2016-3,S01007882,2,1,2.0
2016-3,S01007883,1,1,1.0
2016-3,S01007887,1,1,1.0
2016-3,S01007896,1,1,1.0
2016-3,S01007898,1,1,1.0
2016-3,S01007911,1,1,1.0
2016-3,S01007923,2,2,1.0
2016-3,S01007925,1,1,1.0
2016-3,S01007927,2,2,1.0
2016-3,S01007929,2,2,1.0
2016-3,S01007935,3,2,1.5
2016-3,S01007957,1,1,1.0
2016-3,S01007961,2,2,1.0
2016-3,S01007966,1,1,1.0
2016-3,S01007968,2,2,1.0
2016-3,S01007971,1,1,1.0
2016-3,S01007975,1,1,1.0
2016-3,S01007977,1,1,1.0
2016-3,S01007984,1,1,1.0
2016-3,S01008008,1,1,1.0
2016-3,S01008009,1,1,1.0
2016-3,S01008011,1,1,1.0
2016-3,S01008029,2,2,1.0
2016-3,S01008030,1,1,1.0
2016-3,S01008043,1,1,1.0
2016-3,S01008044,1,1,1.0
2016-3,S01008045,2,2,1.0
2016-3,S01008065,1,1,1.0
2016-3,S01008068,1,1,1.0
2016-3,S01008096,1,1,1.0
2016-3,S01008101,1,1,1.0
2016-3,S01008102,2,2,1.0
2016-3,S01008121,1,1,1.0
2016-3,S01008130,2,1,2.0
2016-3,S01008135,1,1,1.0
2016-3,S01008144,1,1,1.0
2016-3,S01008158,1,1,1.0
2016-3,S01008161,2,2,1.0
2016-3,S01008221,1,1,1.0
2016-3,S01008227,1,1,1.0
2016-3,S01008237,1,1,1.0
2016-3,S01008245,4,2,2.0
2016-3,S01008302,1,1,1.0
2016-3,S01008314,1,1,1.0
2016-3,S01008318,1,1,1.0
2016-3,S01008349,1,1,1.0
2016-3,S01008351,1,1,1.0
2016-3,S01008354,1,1,1.0
2016-3,S01008359,3,3,1.0
2016-3,S01008361,2,2,1.0
2016-3,S01008367,1,1,1.0
2016-3,S01008378,2,1,2.0
2016-3,S01008380,1,1,1.0
2016-3,S01008382,1,1,1.0
2016-3,S01008383,1,1,1.0
2016-3,S01008394,1,1,1.0
2016-3,S01008404,1,1,1.0
2016-3,S01008406,4,3,1.3333333333333333
2016-3,S01008422,1,1,1.0
2016-3,S01008432,1,1,1.0
2016-3,S01008438,1,1,1.0
2016-3,S01008441,1,1,1.0
2016-3,S01008442,1,1,1.0
2016-3,S01008444,1,1,1.0
2016-3,S01008446,1,1,1.0
2016-3,S01008448,1,1,1.0
2016-3,S01008471,1,1,1.0
2016-3,S01008472,1,1,1.0
2016-3,S01008486,2,1,2.0
2016-3,S01008489,2,2,1.0
2016-3,S01008499,1,1,1.0
2016-3,S01008502,1,1,1.0
2016-3,S01008506,1,1,1.0
2016-3,S01008510,1,1,1.0
2016-3,S01008517,1,1,1.0
2016-3,S01008523,1,1,1.0
2016-3,S01008537,1,1,1.0
2016-3,S01008539,2,2,1.0
2016-3,S01008549,2,2,1.0
2016-3,S01008553,1,1,1.0
2016-3,S01008570,2,2,1.0
2016-3,S01008580,1,1,1.0
2016-3,S01008587,1,1,1.0
2016-3,S01008600,1,1,1.0
2016-3,S01008616,1,1,1.0
2016-3,S01008620,1,1,1.0
2016-3,S01008623,3,3,1.0
2016-3,S01008644,1,1,1.0
2016-3,S01008651,1,1,1.0
2016-3,S01008675,1,1,1.0
2016-3,S01008676,1,1,1.0
2016-3,S01008677,1,1,1.0
2016-3,S01008678,1,1,1.0
2016-3,S01008684,1,1,1.0
2016-3,S01008688,1,1,1.0
2016-3,S01008704,1,1,1.0
2016-3,S01008717,1,1,1.0
2016-3,S01008726,1,1,1.0
2016-3,S01008749,1,1,1.0
2016-3,S01008750,1,1,1.0
2016-3,S01008761,1,1,1.0
2016-3,S01008762,3,3,1.0
2016-3,S01008767,2,1,2.0
2016-3,S01008768,3,2,1.5
2016-3,S01008769,1,1,1.0
2016-3,S01008770,1,1,1.0
2016-3,S01008773,1,1,1.0
2016-3,S01008777,2,1,2.0
2016-3,S01008778,1,1,1.0
2016-3,S01008781,1,1,1.0
2016-3,S01008783,2,2,1.0
2016-3,S01008785,1,1,1.0
2016-3,S01008792,2,2,1.0
2016-3,S01008796,2,2,1.0
2016-3,S01008798,2,2,1.0
2016-3,S01008803,1,1,1.0
2016-3,S01008807,2,2,1.0
2016-3,S01008809,1,1,1.0
2016-3,S01008812,1,1,1.0
2016-3,S01008814,1,1,1.0
2016-3,S01008815,1,1,1.0
2016-3,S01008820,2,1,2.0
2016-3,S01008826,1,1,1.0
2016-3,S01008832,1,1,1.0
2016-3,S01008833,1,1,1.0
2016-3,S01008834,3,1,3.0
2016-3,S01008835,1,1,1.0
2016-3,S01008837,1,1,1.0
2016-3,S01008838,1,1,1.0
2016-3,S01008842,1,1,1.0
2016-3,S01008843,1,1,1.0
2016-3,S01008850,1,1,1.0
2016-3,S01008852,1,1,1.0
2016-3,S01008864,1,1,1.0
2016-3,S01008866,1,1,1.0
2016-3,S01008868,4,2,2.0
2016-3,S01008870,1,1,1.0
2016-3,S01008871,3,3,1.0
2016-3,S01008872,1,1,1.0
2016-3,S01008873,3,2,1.5
2016-3,S01008874,1,1,1.0
2016-3,S01008884,1,1,1.0
2016-3,S01008886,1,1,1.0
2016-3,S01008897,1,1,1.0
2016-3,S01008898,1,1,1.0
2016-3,S01008899,1,1,1.0
2016-3,S01008912,1,1,1.0
2016-3,S01008918,1,1,1.0
2016-3,S01008939,1,1,1.0
2016-3,S01008940,2,2,1.0
2016-3,S01008941,1,1,1.0
2016-3,S01008946,1,1,1.0
2016-3,S01008970,2,1,2.0
2016-3,S01008972,1,1,1.0
2016-3,S01008973,3,3,1.0
2016-3,S01008974,1,1,1.0
2016-3,S01008975,1,1,1.0
2016-3,S01008989,1,1,1.0
2016-3,S01008992,1,1,1.0
2016-3,S01008993,1,1,1.0
2016-3,S01008996,1,1,1.0
2016-3,S01008997,2,1,2.0
2016-3,S01009002,2,2,1.0
2016-3,S01009050,2,1,2.0
2016-3,S01009055,1,1,1.0
2016-3,S01009071,1,1,1.0
2016-3,S01009072,1,1,1.0
2016-3,S01009107,1,1,1.0
2016-3,S01009129,1,1,1.0
2016-3,S01009133,2,1,2.0
2016-3,S01009144,1,1,1.0
2016-3,S01009149,1,1,1.0
2016-3,S01009162,2,1,2.0
2016-3,S01009191,1,1,1.0
2016-3,S01009192,1,1,1.0
2016-3,S01009210,1,1,1.0
2016-3,S01009242,1,1,1.0
2016-3,S01009248,1,1,1.0
2016-3,S01009296,1,1,1.0
2016-3,S01009315,1,1,1.0
2016-3,S01009371,1,1,1.0
2016-3,S01009375,3,2,1.5
2016-3,S01009377,1,1,1.0
2016-3,S01009381,1,1,1.0
2016-3,S01009419,1,1,1.0
2016-3,S01009443,1,1,1.0
2016-3,S01009457,1,1,1.0
2016-3,S01009489,1,1,1.0
2016-3,S01009492,1,1,1.0
2016-3,S01009511,1,1,1.0
2016-3,S01009512,1,1,1.0
2016-3,S01009526,3,2,1.5
2016-3,S01009540,1,1,1.0
2016-3,S01009575,1,1,1.0
2016-3,S01009576,2,1,2.0
2016-3,S01009590,1,1,1.0
2016-3,S01009592,1,1,1.0
2016-3,S01009599,1,1,1.0
2016-3,S01009614,2,1,2.0
2016-3,S01009647,1,1,1.0
2016-3,S01009659,1,1,1.0
2016-3,S01009661,1,1,1.0
2016-3,S01009662,1,1,1.0
2016-3,S01009676,1,1,1.0
2016-3,S01009685,1,1,1.0
2016-3,S01009686,1,1,1.0
2016-3,S01009689,1,1,1.0
2016-3,S01009696,1,1,1.0
2016-3,S01009727,2,2,1.0
2016-3,S01009734,1,1,1.0
2016-3,S01009745,1,1,1.0
2016-3,S01009749,1,1,1.0
2016-3,S01009767,2,2,1.0
2016-3,S01009769,1,1,1.0
2016-3,S01009775,1,1,1.0
2016-3,S01009777,1,1,1.0
2016-3,S01009789,1,1,1.0
2016-3,S01009791,2,2,1.0
2016-3,S01009799,1,1,1.0
2016-3,S01009820,2,1,2.0
2016-3,S01009823,1,1,1.0
2016-3,S01009825,1,1,1.0
2016-3,S01009832,1,1,1.0
2016-3,S01009835,2,1,2.0
2016-3,S01009837,1,1,1.0
2016-3,S01009838,1,1,1.0
2016-3,S01009851,1,1,1.0
2016-3,S01009853,1,1,1.0
2016-3,S01009861,1,1,1.0
2016-3,S01009862,1,1,1.0
2016-3,S01009870,1,1,1.0
2016-3,S01009871,1,1,1.0
2016-3,S01009873,2,1,2.0
2016-3,S01009878,6,1,6.0
2016-3,S01009879,3,1,3.0
2016-3,S01009881,7,1,7.0
2016-3,S01009882,1,1,1.0
2016-3,S01009883,1,1,1.0
2016-3,S01009885,2,1,2.0
2016-3,S01009886,2,1,2.0
2016-3,S01009889,1,1,1.0
2016-3,S01009898,1,1,1.0
2016-3,S01009899,2,1,2.0
2016-3,S01009900,6,1,6.0
2016-3,S01009904,1,1,1.0
2016-3,S01009908,1,1,1.0
2016-3,S01009913,1,1,1.0
2016-3,S01009914,2,1,2.0
2016-3,S01009918,1,1,1.0
2016-3,S01009922,1,1,1.0
2016-3,S01009925,1,1,1.0
2016-3,S01009926,1,1,1.0
2016-3,S01009934,1,1,1.0
2016-3,S01009938,1,1,1.0
2016-3,S01009940,1,1,1.0
2016-3,S01009945,3,3,1.0
2016-3,S01009950,1,1,1.0
2016-3,S01009951,1,1,1.0
2016-3,S01009953,2,2,1.0
2016-3,S01009955,1,1,1.0
2016-3,S01009957,1,1,1.0
2016-3,S01009958,1,1,1.0
2016-3,S01009959,1,1,1.0
2016-3,S01009961,2,2,1.0
2016-3,S01009963,1,1,1.0
2016-3,S01009967,1,1,1.0
2016-3,S01009972,1,1,1.0
2016-3,S01009997,1,1,1.0
2016-3,S01009998,1,1,1.0
2016-3,S01010001,1,1,1.0
2016-3,S01010010,1,1,1.0
2016-3,S01010014,1,1,1.0
2016-3,S01010018,1,1,1.0
2016-3,S01010025,2,2,1.0
2016-3,S01010031,3,2,1.5
2016-3,S01010032,2,2,1.0
2016-3,S01010034,1,1,1.0
2016-3,S01010069,1,1,1.0
2016-3,S01010071,1,1,1.0
2016-3,S01010097,1,1,1.0
2016-3,S01010100,1,1,1.0
2016-3,S01010117,1,1,1.0
2016-3,S01010120,1,1,1.0
2016-3,S01010130,2,1,2.0
2016-3,S01010156,1,1,1.0
2016-3,S01010168,2,1,2.0
2016-3,S01010169,3,1,3.0
2016-3,S01010173,1,1,1.0
2016-3,S01010177,1,1,1.0
2016-3,S01010178,1,1,1.0
2016-3,S01010179,1,1,1.0
2016-3,S01010188,1,1,1.0
2016-3,S01010192,1,1,1.0
2016-3,S01010193,1,1,1.0
2016-3,S01010194,1,1,1.0
2016-3,S01010216,1,1,1.0
2016-3,S01010220,1,1,1.0
2016-3,S01010231,1,1,1.0
2016-3,S01010234,1,1,1.0
2016-3,S01010248,2,1,2.0
2016-3,S01010261,1,1,1.0
2016-3,S01010264,3,2,1.5
2016-3,S01010265,1,1,1.0
2016-3,S01010273,1,1,1.0
2016-3,S01010274,1,1,1.0
2016-3,S01010275,2,2,1.0
2016-3,S01010276,1,1,1.0
2016-3,S01010283,1,1,1.0
2016-3,S01010296,1,1,1.0
2016-3,S01010297,1,1,1.0
2016-3,S01010334,3,2,1.5
2016-3,S01010346,1,1,1.0
2016-3,S01010348,1,1,1.0
2016-3,S01010353,1,1,1.0
2016-3,S01010364,1,1,1.0
2016-3,S01010379,1,1,1.0
2016-3,S01010380,1,1,1.0
2016-3,S01010384,1,1,1.0
2016-3,S01010387,1,1,1.0
2016-3,S01010390,2,1,2.0
2016-3,S01010391,1,1,1.0
2016-3,S01010392,1,1,1.0
2016-3,S01010395,1,1,1.0
2016-3,S01010403,1,1,1.0
2016-3,S01010407,2,2,1.0
2016-3,S01010414,1,1,1.0
2016-3,S01010418,1,1,1.0
2016-3,S01010422,3,2,1.5
2016-3,S01010423,1,1,1.0
2016-3,S01010447,5,1,5.0
2016-3,S01010448,1,1,1.0
2016-3,S01010454,1,1,1.0
2016-3,S01010463,1,1,1.0
2016-3,S01010465,2,2,1.0
2016-3,S01010466,1,1,1.0
2016-3,S01010470,1,1,1.0
2016-3,S01010473,3,2,1.5
2016-3,S01010476,1,1,1.0
2016-3,S01010497,2,2,1.0
2016-3,S01010499,1,1,1.0
2016-3,S01010504,1,1,1.0
2016-3,S01010523,1,1,1.0
2016-3,S01010530,1,1,1.0
2016-3,S01010555,3,1,3.0
2016-3,S01010565,1,1,1.0
2016-3,S01010631,1,1,1.0
2016-3,S01010650,1,1,1.0
2016-3,S01010663,1,1,1.0
2016-3,S01010668,1,1,1.0
2016-3,S01010677,1,1,1.0
2016-3,S01010678,1,1,1.0
2016-3,S01010687,1,1,1.0
2016-3,S01010706,1,1,1.0
2016-3,S01010713,1,1,1.0
2016-3,S01010714,2,2,1.0
2016-3,S01010720,1,1,1.0
2016-3,S01010724,1,1,1.0
2016-3,S01010730,1,1,1.0
2016-3,S01010741,4,1,4.0
2016-3,S01010747,1,1,1.0
2016-3,S01010749,1,1,1.0
2016-3,S01010775,1,1,1.0
2016-3,S01010782,1,1,1.0
2016-3,S01010787,3,2,1.5
2016-3,S01010789,3,2,1.5
2016-3,S01010790,1,1,1.0
2016-3,S01010791,4,4,1.0
2016-3,S01010794,3,2,1.5
2016-3,S01010796,7,4,1.75
2016-3,S01010797,2,2,1.0
2016-3,S01010799,1,1,1.0
2016-3,S01010801,1,1,1.0
2016-3,S01010802,1,1,1.0
2016-3,S01010803,1,1,1.0
2016-3,S01010805,2,2,1.0
2016-3,S01010806,1,1,1.0
2016-3,S01010832,1,1,1.0
2016-3,S01010846,1,1,1.0
2016-3,S01010896,1,1,1.0
2016-3,S01010942,1,1,1.0
2016-3,S01010956,2,2,1.0
2016-3,S01010957,1,1,1.0
2016-3,S01010963,1,1,1.0
2016-3,S01010967,1,1,1.0
2016-3,S01010980,1,1,1.0
2016-3,S01011000,2,2,1.0
2016-3,S01011019,2,1,2.0
2016-3,S01011045,1,1,1.0
2016-3,S01011057,1,1,1.0
2016-3,S01011084,1,1,1.0
2016-3,S01011107,1,1,1.0
2016-3,S01011132,1,1,1.0
2016-3,S01011213,1,1,1.0
2016-3,S01011232,1,1,1.0
2016-3,S01011233,4,1,4.0
2016-3,S01011236,2,1,2.0
2016-3,S01011241,1,1,1.0
2016-3,S01011243,1,1,1.0
2016-3,S01011272,1,1,1.0
2016-3,S01011274,1,1,1.0
2016-3,S01011276,1,1,1.0
2016-3,S01011299,1,1,1.0
2016-3,S01011307,6,5,1.2
2016-3,S01011334,1,1,1.0
2016-3,S01011356,3,2,1.5
2016-3,S01011369,1,1,1.0
2016-3,S01011373,1,1,1.0
2016-3,S01011426,2,1,2.0
2016-3,S01011446,2,2,1.0
2016-3,S01011483,1,1,1.0
2016-3,S01011520,1,1,1.0
2016-3,S01011554,1,1,1.0
2016-3,S01011587,1,1,1.0
2016-3,S01011601,1,1,1.0
2016-3,S01011668,1,1,1.0
2016-3,S01011682,1,1,1.0
2016-3,S01011683,1,1,1.0
2016-3,S01011697,1,1,1.0
2016-3,S01011738,1,1,1.0
2016-3,S01011770,1,1,1.0
2016-3,S01011784,1,1,1.0
2016-3,S01011789,1,1,1.0
2016-3,S01011792,1,1,1.0
2016-3,S01011836,1,1,1.0
2016-3,S01011837,3,2,1.5
2016-3,S01011850,1,1,1.0
2016-3,S01011878,1,1,1.0
2016-3,S01011891,1,1,1.0
2016-3,S01011909,1,1,1.0
2016-3,S01011959,1,1,1.0
2016-3,S01011962,1,1,1.0
2016-3,S01012001,1,1,1.0
2016-3,S01012010,1,1,1.0
2016-3,S01012019,1,1,1.0
2016-3,S01012020,2,1,2.0
2016-3,S01012021,1,1,1.0
2016-3,S01012023,2,1,2.0
2016-3,S01012030,7,3,2.3333333333333335
2016-3,S01012032,5,3,1.6666666666666667
2016-3,S01012039,1,1,1.0
2016-3,S01012042,1,1,1.0
2016-3,S01012043,1,1,1.0
2016-3,S01012057,1,1,1.0
2016-3,S01012062,2,2,1.0
2016-3,S01012069,1,1,1.0
2016-3,S01012089,1,1,1.0
2016-3,S01012095,1,1,1.0
2016-3,S01012098,3,2,1.5
2016-3,S01012109,1,1,1.0
2016-3,S01012111,1,1,1.0
2016-3,S01012115,1,1,1.0
2016-3,S01012153,1,1,1.0
2016-3,S01012154,1,1,1.0
2016-3,S01012167,1,1,1.0
2016-3,S01012207,1,1,1.0
2016-3,S01012213,1,1,1.0
2016-3,S01012215,2,1,2.0
2016-3,S01012216,1,1,1.0
2016-3,S01012224,1,1,1.0
2016-3,S01012233,1,1,1.0
2016-3,S01012234,2,2,1.0
2016-3,S01012235,1,1,1.0
2016-3,S01012236,1,1,1.0
2016-3,S01012237,1,1,1.0
2016-3,S01012241,2,2,1.0
2016-3,S01012243,3,2,1.5
2016-3,S01012244,1,1,1.0
2016-3,S01012249,2,2,1.0
2016-3,S01012250,1,1,1.0
2016-3,S01012297,1,1,1.0
2016-3,S01012303,2,1,2.0
2016-3,S01012322,2,1,2.0
2016-3,S01012324,2,2,1.0
2016-3,S01012352,1,1,1.0
2016-3,S01012373,1,1,1.0
2016-3,S01012419,1,1,1.0
2016-3,S01012430,1,1,1.0
2016-3,S01012439,1,1,1.0
2016-3,S01012440,1,1,1.0
2016-3,S01012443,2,1,2.0
2016-3,S01012444,2,1,2.0
2016-3,S01012453,2,1,2.0
2016-3,S01012483,1,1,1.0
2016-3,S01012527,1,1,1.0
2016-3,S01012531,1,1,1.0
2016-3,S01012540,1,1,1.0
2016-3,S01012541,1,1,1.0
2016-3,S01012542,1,1,1.0
2016-3,S01012724,1,1,1.0
2016-3,S01012796,1,1,1.0
2016-3,S01012811,1,1,1.0
2016-3,S01012900,1,1,1.0
2016-3,S01012952,2,1,2.0
2016-3,S01013002,1,1,1.0
2016-3,S01013008,1,1,1.0
2016-3,S01013093,2,1,2.0
2016-3,S01013094,1,1,1.0
2016-3,S01013106,1,1,1.0
2016-3,S01013123,2,1,2.0
2016-3,S01013128,1,1,1.0
2016-3,S01013151,1,1,1.0
2016-3,S01013154,1,1,1.0
2016-3,S01013171,1,1,1.0
2016-3,S01013173,3,1,3.0
2016-3,S01013176,2,1,2.0
2016-3,S01013177,1,1,1.0
2016-3,S01013179,1,1,1.0
2016-3,S01013182,1,1,1.0
2016-3,S01013187,1,1,1.0
2016-3,S01013192,2,1,2.0
2016-3,S01013195,1,1,1.0
2016-3,S01013200,1,1,1.0
2016-3,S01013209,2,1,2.0
2016-3,S01013241,1,1,1.0
2016-3,S01013242,2,2,1.0
2016-3,S01013276,1,1,1.0
2016-3,S01013289,1,1,1.0
2016-3,S01013302,1,1,1.0
2016-3,S01013329,1,1,1.0
2016-3,S01013336,2,1,2.0
2016-3,S01013371,1,1,1.0
2016-3,S01013372,2,2,1.0
2016-3,S01013373,1,1,1.0
2016-3,S01013376,3,1,3.0
2016-3,S01013377,22,2,11.0
2016-3,S01013401,1,1,1.0
2016-3,S01013404,1,1,1.0
2016-3,S01013432,1,1,1.0
2016-3,S01013434,2,2,1.0
2016-3,S01013455,1,1,1.0
2016-3,S01013458,1,1,1.0
2016-3,S01013459,1,1,1.0
2016-3,S01013466,1,1,1.0
2016-3,W01000048,1,1,1.0
2016-3,W01000050,1,1,1.0
2016-3,W01000061,1,1,1.0
2016-3,W01000063,4,1,4.0
2016-3,W01000070,2,1,2.0
2016-3,W01000084,1,1,1.0
2016-3,W01000111,1,1,1.0
2016-3,W01000114,1,1,1.0
2016-3,W01000118,1,1,1.0
2016-3,W01000133,1,1,1.0
2016-3,W01000135,1,1,1.0
2016-3,W01000147,1,1,1.0
2016-3,W01000162,1,1,1.0
2016-3,W01000167,1,1,1.0
2016-3,W01000181,1,1,1.0
2016-3,W01000193,2,1,2.0
2016-3,W01000199,1,1,1.0
2016-3,W01000201,1,1,1.0
2016-3,W01000202,6,2,3.0
2016-3,W01000205,1,1,1.0
2016-3,W01000206,1,1,1.0
2016-3,W01000207,1,1,1.0
2016-3,W01000211,1,1,1.0
2016-3,W01000212,1,1,1.0
2016-3,W01000217,3,2,1.5
2016-3,W01000238,1,1,1.0
2016-3,W01000239,1,1,1.0
2016-3,W01000240,1,1,1.0
2016-3,W01000241,1,1,1.0
2016-3,W01000242,1,1,1.0
2016-3,W01000245,2,1,2.0
2016-3,W01000246,1,1,1.0
2016-3,W01000247,1,1,1.0
2016-3,W01000253,1,1,1.0
2016-3,W01000255,2,2,1.0
2016-3,W01000266,2,1,2.0
2016-3,W01000268,1,1,1.0
2016-3,W01000271,2,2,1.0
2016-3,W01000275,1,1,1.0
2016-3,W01000288,2,2,1.0
2016-3,W01000289,2,2,1.0
2016-3,W01000293,1,1,1.0
2016-3,W01000303,1,1,1.0
2016-3,W01000309,1,1,1.0
2016-3,W01000312,1,1,1.0
2016-3,W01000317,1,1,1.0
2016-3,W01000322,1,1,1.0
2016-3,W01000323,1,1,1.0
2016-3,W01000327,1,1,1.0
2016-3,W01000328,1,1,1.0
2016-3,W01000329,1,1,1.0
2016-3,W01000330,3,3,1.0
2016-3,W01000331,1,1,1.0
2016-3,W01000332,1,1,1.0
2016-3,W01000337,1,1,1.0
2016-3,W01000339,1,1,1.0
2016-3,W01000340,1,1,1.0
2016-3,W01000345,1,1,1.0
2016-3,W01000347,1,1,1.0
2016-3,W01000349,1,1,1.0
2016-3,W01000351,1,1,1.0
2016-3,W01000370,1,1,1.0
2016-3,W01000371,1,1,1.0
2016-3,W01000393,1,1,1.0
2016-3,W01000402,4,3,1.3333333333333333
2016-3,W01000420,3,1,3.0
2016-3,W01000428,2,1,2.0
2016-3,W01000439,1,1,1.0
2016-3,W01000453,1,1,1.0
2016-3,W01000457,1,1,1.0
2016-3,W01000492,1,1,1.0
2016-3,W01000502,2,1,2.0
2016-3,W01000515,1,1,1.0
2016-3,W01000516,1,1,1.0
2016-3,W01000517,1,1,1.0
2016-3,W01000529,6,2,3.0
2016-3,W01000538,5,1,5.0
2016-3,W01000544,1,1,1.0
2016-3,W01000555,1,1,1.0
2016-3,W01000562,1,1,1.0
2016-3,W01000579,1,1,1.0
2016-3,W01000586,2,1,2.0
2016-3,W01000626,2,1,2.0
2016-3,W01000659,1,1,1.0
2016-3,W01000671,1,1,1.0
2016-3,W01000680,2,1,2.0
2016-3,W01000687,1,1,1.0
2016-3,W01000688,1,1,1.0
2016-3,W01000740,1,1,1.0
2016-3,W01000744,6,3,2.0
2016-3,W01000745,1,1,1.0
2016-3,W01000746,5,2,2.5
2016-3,W01000751,1,1,1.0
2016-3,W01000760,1,1,1.0
2016-3,W01000794,1,1,1.0
2016-3,W01000799,1,1,1.0
2016-3,W01000811,1,1,1.0
2016-3,W01000812,2,2,1.0
2016-3,W01000815,1,1,1.0
2016-3,W01000825,1,1,1.0
2016-3,W01000828,1,1,1.0
2016-3,W01000829,1,1,1.0
2016-3,W01000844,1,1,1.0
2016-3,W01000853,1,1,1.0
2016-3,W01000862,1,1,1.0
2016-3,W01000863,1,1,1.0
2016-3,W01000864,12,2,6.0
2016-3,W01000866,1,1,1.0
2016-3,W01000871,1,1,1.0
2016-3,W01000887,2,2,1.0
2016-3,W01000899,1,1,1.0
2016-3,W01000906,1,1,1.0
2016-3,W01000917,4,1,4.0
2016-3,W01000922,1,1,1.0
2016-3,W01000946,3,1,3.0
2016-3,W01000948,2,2,1.0
2016-3,W01000952,1,1,1.0
2016-3,W01000966,1,1,1.0
2016-3,W01000974,2,1,2.0
2016-3,W01000975,2,2,1.0
2016-3,W01000979,1,1,1.0
2016-3,W01000980,1,1,1.0
2016-3,W01000983,1,1,1.0
2016-3,W01000986,2,1,2.0
2016-3,W01000989,1,1,1.0
2016-3,W01000990,3,2,1.5
2016-3,W01000995,1,1,1.0
2016-3,W01000997,1,1,1.0
2016-3,W01000999,1,1,1.0
2016-3,W01001000,1,1,1.0
2016-3,W01001003,1,1,1.0
2016-3,W01001008,1,1,1.0
2016-3,W01001010,1,1,1.0
2016-3,W01001011,1,1,1.0
2016-3,W01001021,3,2,1.5
2016-3,W01001026,1,1,1.0
2016-3,W01001035,1,1,1.0
2016-3,W01001037,1,1,1.0
2016-3,W01001041,1,1,1.0
2016-3,W01001049,1,1,1.0
2016-3,W01001050,2,2,1.0
2016-3,W01001052,1,1,1.0
2016-3,W01001057,1,1,1.0
2016-3,W01001069,1,1,1.0
2016-3,W01001076,2,1,2.0
2016-3,W01001078,1,1,1.0
2016-3,W01001085,1,1,1.0
2016-3,W01001090,4,1,4.0
2016-3,W01001105,2,2,1.0
2016-3,W01001110,1,1,1.0
2016-3,W01001123,1,1,1.0
2016-3,W01001124,1,1,1.0
2016-3,W01001126,1,1,1.0
2016-3,W01001135,1,1,1.0
2016-3,W01001149,1,1,1.0
2016-3,W01001162,1,1,1.0
2016-3,W01001178,1,1,1.0
2016-3,W01001183,1,1,1.0
2016-3,W01001194,2,1,2.0
2016-3,W01001199,1,1,1.0
2016-3,W01001200,1,1,1.0
2016-3,W01001202,1,1,1.0
2016-3,W01001209,1,1,1.0
2016-3,W01001213,1,1,1.0
2016-3,W01001220,1,1,1.0
2016-3,W01001232,6,1,6.0
2016-3,W01001243,2,1,2.0
2016-3,W01001265,2,1,2.0
2016-3,W01001268,1,1,1.0
2016-3,W01001290,1,1,1.0
2016-3,W01001291,1,1,1.0
2016-3,W01001293,3,2,1.5
2016-3,W01001296,1,1,1.0
2016-3,W01001305,2,2,1.0
2016-3,W01001307,2,1,2.0
2016-3,W01001309,1,1,1.0
2016-3,W01001312,1,1,1.0
2016-3,W01001315,2,1,2.0
2016-3,W01001316,1,1,1.0
2016-3,W01001320,1,1,1.0
2016-3,W01001322,1,1,1.0
2016-3,W01001326,1,1,1.0
2016-3,W01001340,1,1,1.0
2016-3,W01001346,1,1,1.0
2016-3,W01001368,1,1,1.0
2016-3,W01001391,4,1,4.0
2016-3,W01001401,2,1,2.0
2016-3,W01001403,2,1,2.0
2016-3,W01001408,1,1,1.0
2016-3,W01001413,1,1,1.0
2016-3,W01001426,1,1,1.0
2016-3,W01001430,2,1,2.0
2016-3,W01001442,1,1,1.0
2016-3,W01001447,1,1,1.0
2016-3,W01001459,1,1,1.0
2016-3,W01001502,1,1,1.0
2016-3,W01001504,1,1,1.0
2016-3,W01001515,2,2,1.0
2016-3,W01001520,1,1,1.0
2016-3,W01001542,1,1,1.0
2016-3,W01001548,1,1,1.0
2016-3,W01001549,1,1,1.0
2016-3,W01001555,2,1,2.0
2016-3,W01001568,1,1,1.0
2016-3,W01001569,1,1,1.0
2016-3,W01001571,1,1,1.0
2016-3,W01001574,1,1,1.0
2016-3,W01001581,1,1,1.0
2016-3,W01001586,2,1,2.0
2016-3,W01001594,1,1,1.0
2016-3,W01001603,1,1,1.0
2016-3,W01001606,1,1,1.0
2016-3,W01001623,3,2,1.5
2016-3,W01001629,1,1,1.0
2016-3,W01001632,1,1,1.0
2016-3,W01001639,1,1,1.0
2016-3,W01001648,1,1,1.0
2016-3,W01001655,1,1,1.0
2016-3,W01001660,1,1,1.0
2016-3,W01001670,1,1,1.0
2016-3,W01001687,1,1,1.0
2016-3,W01001694,2,2,1.0
2016-3,W01001698,3,1,3.0
2016-3,W01001708,1,1,1.0
2016-3,W01001709,2,2,1.0
2016-3,W01001710,1,1,1.0
2016-3,W01001711,2,2,1.0
2016-3,W01001713,1,1,1.0
2016-3,W01001715,1,1,1.0
2016-3,W01001717,2,2,1.0
2016-3,W01001719,1,1,1.0
2016-3,W01001722,1,1,1.0
2016-3,W01001725,1,1,1.0
2016-3,W01001730,1,1,1.0
2016-3,W01001731,1,1,1.0
2016-3,W01001735,1,1,1.0
2016-3,W01001745,1,1,1.0
2016-3,W01001747,2,2,1.0
2016-3,W01001750,3,2,1.5
2016-3,W01001754,1,1,1.0
2016-3,W01001755,1,1,1.0
2016-3,W01001756,1,1,1.0
2016-3,W01001758,1,1,1.0
2016-3,W01001759,3,1,3.0
2016-3,W01001762,1,1,1.0
2016-3,W01001769,2,2,1.0
2016-3,W01001772,3,2,1.5
2016-3,W01001773,3,2,1.5
2016-3,W01001775,2,2,1.0
2016-3,W01001776,3,3,1.0
2016-3,W01001780,1,1,1.0
2016-3,W01001781,3,3,1.0
2016-3,W01001782,1,1,1.0
2016-3,W01001786,1,1,1.0
2016-3,W01001787,1,1,1.0
2016-3,W01001791,2,2,1.0
2016-3,W01001792,1,1,1.0
2016-3,W01001793,1,1,1.0
2016-3,W01001795,2,2,1.0
2016-3,W01001796,1,1,1.0
2016-3,W01001802,1,1,1.0
2016-3,W01001804,1,1,1.0
2016-3,W01001806,1,1,1.0
2016-3,W01001807,1,1,1.0
2016-3,W01001811,3,3,1.0
2016-3,W01001816,3,2,1.5
2016-3,W01001819,3,1,3.0
2016-3,W01001821,2,1,2.0
2016-3,W01001822,1,1,1.0
2016-3,W01001823,3,2,1.5
2016-3,W01001824,1,1,1.0
2016-3,W01001825,3,2,1.5
2016-3,W01001828,1,1,1.0
2016-3,W01001829,2,2,1.0
2016-3,W01001830,2,2,1.0
2016-3,W01001831,2,2,1.0
2016-3,W01001833,6,5,1.2
2016-3,W01001834,4,1,4.0
2016-3,W01001836,1,1,1.0
2016-3,W01001837,1,1,1.0
2016-3,W01001838,4,2,2.0
2016-3,W01001839,3,2,1.5
2016-3,W01001842,1,1,1.0
2016-3,W01001843,3,3,1.0
2016-3,W01001848,1,1,1.0
2016-3,W01001850,1,1,1.0
2016-3,W01001855,1,1,1.0
2016-3,W01001857,4,3,1.3333333333333333
2016-3,W01001859,2,2,1.0
2016-3,W01001860,1,1,1.0
2016-3,W01001861,8,3,2.6666666666666665
2016-3,W01001862,2,2,1.0
2016-3,W01001863,1,1,1.0
2016-3,W01001865,6,1,6.0
2016-3,W01001866,1,1,1.0
2016-3,W01001873,1,1,1.0
2016-3,W01001874,1,1,1.0
2016-3,W01001878,2,1,2.0
2016-3,W01001882,1,1,1.0
2016-3,W01001889,3,3,1.0
2016-3,W01001890,1,1,1.0
2016-3,W01001892,1,1,1.0
2016-3,W01001895,2,2,1.0
2016-3,W01001902,1,1,1.0
2016-3,W01001913,1,1,1.0
2016-3,W01001917,1,1,1.0
2016-3,W01001920,1,1,1.0
2016-3,W01001921,3,2,1.5
2016-3,W01001931,1,1,1.0
2016-3,W01001935,2,1,2.0
2016-3,W01001939,4,3,1.3333333333333333
2016-3,W01001941,1,1,1.0
2016-3,W01001942,1,1,1.0
2016-3,W01001944,1,1,1.0
2016-3,W01001946,1,1,1.0
2016-3,W01001947,3,2,1.5
2016-3,W01001950,2,1,2.0
2016-3,W01001952,3,2,1.5
